59
WP_015850330.1    0.0000000 0.0787156 0.1299518 0.1253022 0.1465220 0.1320437 0.1372959 0.1864778 0.1547636 0.2357070 0.1996327 0.2029504 0.4369075 0.4244412 0.4041314 0.3950371 0.4358627 0.3898735 0.4547117 0.4504318 0.4605058 0.5104506 0.4841240 0.4672617 1.0538830 1.5934380 1.5954409 1.6451162 1.6805812 1.6156018 1.6057850 1.6054056 1.5492451 1.5485617 1.6648559 1.5635132 1.5349121 1.5760688 1.6417345 1.5810993 1.6417345 1.5717258 1.5318277 1.5468072 1.6565290 1.5524697 1.5555466 1.5459173 1.6852289 1.7567331 1.7108194 1.6793401 1.6610638 1.7173181 1.6760171 1.6101146 1.5826162 1.6431722 6.4619759 
WP_027723055.1    0.0787156 0.0000000 0.1306549 0.1331699 0.1377289 0.1335509 0.1463929 0.1667802 0.1740553 0.2285856 0.1929294 0.2064614 0.4646935 0.4465025 0.4198132 0.4167585 0.4602643 0.4039847 0.4481030 0.4530111 0.4782607 0.5354238 0.4948824 0.5036185 0.9903895 1.5960063 1.5980116 1.6603851 1.6960083 1.6428252 1.6328003 1.6295943 1.5680977 1.5594370 1.6630088 1.5623004 1.5306361 1.5771812 1.6418291 1.5841677 1.6418291 1.5860484 1.5314781 1.5371282 1.6901626 1.5597842 1.5785591 1.5401413 1.7173357 1.7894471 1.7363550 1.6666112 1.6493732 1.6780730 1.6426894 1.5853077 1.5583945 1.6323471 6.6862179 
WP_013513971.1    0.1299518 0.1306549 0.0000000 0.1329451 0.1465467 0.1357594 0.1892764 0.1769008 0.2038940 0.2413497 0.2044722 0.2140567 0.5031198 0.4761687 0.4597068 0.4379735 0.4952547 0.4451170 0.4736416 0.4564123 0.4925960 0.5452685 0.5259705 0.5380458 0.9913822 1.6848207 1.6886938 1.6835496 1.7199007 1.6916615 1.6675576 1.6827469 1.6094817 1.6249714 1.7410022 1.6318568 1.6168731 1.6686762 1.6802233 1.6188242 1.6802233 1.6483781 1.5859101 1.6550300 1.7423581 1.6085403 1.5893675 1.5264957 1.7594582 1.8330600 1.7779507 1.7247422 1.7042270 1.7653659 1.7300804 1.6972206 1.6681399 1.7263502 6.3727813 
WP_015416175.1    0.1253022 0.1331699 0.1329451 0.0000000 0.1350758 0.1313436 0.1812042 0.2082176 0.2257947 0.2591442 0.2364085 0.2407294 0.4556248 0.4547610 0.4237464 0.4163344 0.4475660 0.4437806 0.4538474 0.4601412 0.4638708 0.5555953 0.5138932 0.5010312 0.9990520 1.5989998 1.6010194 1.6754781 1.7115361 1.6710857 1.6589575 1.6304131 1.5839536 1.5938021 1.7031093 1.5969916 1.5946117 1.6196799 1.6701023 1.6070913 1.6701023 1.6414644 1.5456906 1.5647400 1.6470642 1.5745115 1.5907065 1.5495088 1.7174002 1.7929145 1.7227050 1.6740680 1.6633521 1.6933589 1.6775586 1.6020326 1.5747292 1.6484863 6.5392564 
WP_071544379.1    0.1465220 0.1377289 0.1465467 0.1350758 0.0000000 0.0738256 0.1817105 0.1834860 0.1933596 0.1956470 0.2227033 0.2266147 0.4751372 0.4503809 0.4317244 0.4087491 0.4692780 0.4323422 0.4315055 0.4421144 0.4724075 0.5528528 0.4987045 0.5196232 0.9670126 1.6267369 1.6287953 1.6336865 1.6689014 1.6369738 1.6319808 1.6586345 1.5917146 1.6164954 1.7172427 1.6094755 1.5764864 1.6138934 1.7050087 1.6427440 1.7050087 1.6431613 1.5735312 1.6009109 1.7137874 1.5838461 1.5892978 1.5353577 1.7352313 1.8097907 1.7330087 1.6793815 1.6595698 1.7006506 1.6867435 1.6297428 1.6018790 1.6597229 6.3194173 
WP_066802114.1    0.1320437 0.1335509 0.1357594 0.1313436 0.0738256 0.0000000 0.1748245 0.1819484 0.1971498 0.2064649 0.2162579 0.2109785 0.4458386 0.4341255 0.4186999 0.4010712 0.4411686 0.4025875 0.4146945 0.4361920 0.4536104 0.5587596 0.4822110 0.5032966 0.9800979 1.5997400 1.6017560 1.6180566 1.6529806 1.6063357 1.6014712 1.6077591 1.5646373 1.5677901 1.6732705 1.5691580 1.5437759 1.5946267 1.6662485 1.5959871 1.6662485 1.6085620 1.5269917 1.5556439 1.6670241 1.5388602 1.5361242 1.4878721 1.6923304 1.7659974 1.7111423 1.6806294 1.6698140 1.6808336 1.6611939 1.5934417 1.5662681 1.6323387 5.8899372 
WP_020001629.1    0.1372959 0.1463929 0.1892764 0.1812042 0.1817105 0.1748245 0.0000000 0.1942125 0.2116610 0.2854163 0.2578477 0.2665112 0.4596592 0.4457894 0.4355379 0.4089801 0.4610525 0.3982586 0.4706537 0.4346419 0.4747377 0.5376550 0.5341104 0.4905529 1.0357744 1.6136970 1.6161084 1.6865040 1.7228605 1.6538000 1.6431541 1.6802550 1.6191340 1.6183459 1.7262335 1.6225760 1.5924217 1.6323199 1.7187492 1.6570527 1.7187492 1.6677877 1.5855696 1.6000723 1.7244538 1.5388297 1.6317899 1.5922874 1.7397713 1.8120815 1.7222409 1.7120588 1.6916480 1.7330771 1.6956357 1.6594813 1.6312093 1.6779809 6.1251144 
WP_031482846.1    0.1864778 0.1667802 0.1769008 0.2082176 0.1834860 0.1819484 0.1942125 0.0000000 0.2312256 0.2794858 0.2284807 0.2534725 0.5174254 0.4930158 0.4941496 0.4416181 0.4851349 0.4516883 0.5103021 0.5049567 0.5192235 0.5460633 0.5304513 0.5778590 0.9859581 1.6114353 1.6138284 1.6292064 1.6560510 1.6156173 1.6138680 1.5987731 1.5904176 1.5888637 1.6532930 1.5408840 1.5222415 1.5896466 1.6636250 1.5750297 1.6636250 1.6272007 1.5499486 1.5384183 1.7368468 1.5943245 1.5760119 1.5690756 1.6882053 1.7595994 1.7008609 1.6781864 1.6363175 1.6494073 1.6415398 1.6227347 1.5950599 1.6497708 6.2800530 
WP_027177789.1    0.1547636 0.1740553 0.2038940 0.2257947 0.1933596 0.1971498 0.2116610 0.2312256 0.0000000 0.2343568 0.2531882 0.2569973 0.4869773 0.4828057 0.4573648 0.4486781 0.4620747 0.4442993 0.4913118 0.4516016 0.5127329 0.5267459 0.5088064 0.5166737 1.0464636 1.6295257 1.6314014 1.6336998 1.6655573 1.6345115 1.6249984 1.6321095 1.6188415 1.6165671 1.7324576 1.6356326 1.6135605 1.6311231 1.6544068 1.5592554 1.6544068 1.6098768 1.5771025 1.5973265 1.7311773 1.5588831 1.5894217 1.5795769 1.7281202 1.8047855 1.7472790 1.6107081 1.6049158 1.6383260 1.6409519 1.5925497 1.5654085 1.5817247 6.4670121 
WP_014321932.1    0.2357070 0.2285856 0.2413497 0.2591442 0.1956470 0.2064649 0.2854163 0.2794858 0.2343568 0.0000000 0.2961795 0.2982981 0.5101344 0.5098658 0.5028234 0.4931167 0.5336820 0.4543121 0.4828576 0.4665382 0.5178062 0.5739483 0.4961440 0.5563361 1.0388456 1.7266623 1.7298096 1.7307721 1.7593954 1.7161400 1.7186495 1.7175603 1.6680509 1.6918256 1.7755506 1.6862567 1.6564871 1.7162099 1.7768473 1.6922180 1.7768473 1.7338871 1.6769604 1.6621018 1.8035172 1.6405779 1.6888418 1.6054731 1.7522014 1.8305729 1.7425946 1.7039857 1.6872245 1.6957903 1.6937778 1.6381181 1.6101822 1.6773814 6.4091505 
WP_054649226.1    0.1996327 0.1929294 0.2044722 0.2364085 0.2227033 0.2162579 0.2578477 0.2284807 0.2531882 0.2961795 0.0000000 0.0773863 0.4887987 0.4723374 0.4166777 0.4480101 0.4897873 0.4356047 0.4738942 0.4714080 0.5279184 0.5500542 0.5163464 0.5202687 1.0698644 1.6204279 1.6209201 1.6900252 1.7172822 1.6890107 1.6719510 1.6702857 1.6349747 1.6522288 1.6775966 1.5903490 1.5798641 1.6128818 1.6541632 1.5963014 1.6541632 1.6156101 1.5691503 1.5596037 1.6851569 1.6078307 1.5794994 1.5403540 1.7715816 1.8340984 1.7821801 1.7207739 1.7022141 1.7001032 1.7181266 1.6451483 1.6171040 1.6477935 6.3139223 
WP_018124918.1    0.2029504 0.2064614 0.2140567 0.2407294 0.2266147 0.2109785 0.2665112 0.2534725 0.2569973 0.2982981 0.0773863 0.0000000 0.4916212 0.4754290 0.4023406 0.4407883 0.4844203 0.4305971 0.4594851 0.4552420 0.5230636 0.5238691 0.5088632 0.5176532 1.0719886 1.6039505 1.6082764 1.6730368 1.6917482 1.6859467 1.6689537 1.6984135 1.6492422 1.6699583 1.7014478 1.6173528 1.6095813 1.6401311 1.6543549 1.6222749 1.6543549 1.6024170 1.5540171 1.5719394 1.6649021 1.5747314 1.5449001 1.4894542 1.7594189 1.8219269 1.7669532 1.7245655 1.7127927 1.6877732 1.7268710 1.6392611 1.6112638 1.6257949 6.6033913 
WP_004074849.1    0.4369075 0.4646935 0.5031198 0.4556248 0.4751372 0.4458386 0.4596592 0.5174254 0.4869773 0.5101344 0.4887987 0.4916212 0.0000000 0.1184611 0.3560112 0.3594569 0.3253998 0.2952749 0.4259647 0.4555508 0.4692880 0.4729497 0.5605670 0.4663278 1.0962467 1.5542112 1.5619370 1.6559969 1.6725415 1.6608537 1.6391413 1.5734024 1.6059982 1.6085429 1.6237064 1.5437307 1.5583689 1.5489903 1.5607068 1.4808056 1.5607068 1.5424298 1.4769613 1.5959473 1.6253678 1.5156382 1.4899060 1.5708929 1.5927701 1.6598799 1.6040431 1.5886288 1.5878933 1.5700865 1.5734756 1.5221975 1.4964300 1.5602418 6.2365922 
WP_035237767.1    0.4244412 0.4465025 0.4761687 0.4547610 0.4503809 0.4341255 0.4457894 0.4930158 0.4828057 0.5098658 0.4723374 0.4754290 0.1184611 0.0000000 0.3420896 0.3456676 0.3363548 0.2689179 0.4481021 0.4435150 0.4581266 0.4778955 0.5324356 0.4766261 1.0714962 1.6387129 1.6469478 1.7113553 1.7284462 1.6934866 1.6748372 1.6222526 1.6609871 1.6553226 1.7267497 1.6396605 1.6340001 1.6077860 1.6424297 1.5639104 1.6424297 1.5957070 1.5589777 1.6570272 1.7002295 1.5997729 1.6222031 1.6541252 1.6683415 1.7353777 1.6801697 1.6592257 1.6567324 1.6279431 1.6346682 1.6148401 1.5873928 1.6158635 6.2352625 
WP_022667734.1    0.4041314 0.4198132 0.4597068 0.4237464 0.4317244 0.4186999 0.4355379 0.4941496 0.4573648 0.5028234 0.4166777 0.4023406 0.3560112 0.3420896 0.0000000 0.2115590 0.2564575 0.2296215 0.3670761 0.3606135 0.4024134 0.4455860 0.5784523 0.4862449 1.0735824 1.5950566 1.5974736 1.6406045 1.6831279 1.6506617 1.6301941 1.6455507 1.6611645 1.6619642 1.6893739 1.6166740 1.5928053 1.6121079 1.6106879 1.5049327 1.6106879 1.5935174 1.5052339 1.5659379 1.6781211 1.6006312 1.5686993 1.5390294 1.6904864 1.7654722 1.7121460 1.6011700 1.6178609 1.6254065 1.6025002 1.5854819 1.5584731 1.5842786 6.1274997 
OGR23269.1        0.3950371 0.4167585 0.4379735 0.4163344 0.4087491 0.4010712 0.4089801 0.4416181 0.4486781 0.4931167 0.4480101 0.4407883 0.3594569 0.3456676 0.2115590 0.0000000 0.2442019 0.2463887 0.3476561 0.3385957 0.3583424 0.4199374 0.5058244 0.5087483 0.9600071 1.5031645 1.5054469 1.5626897 1.5784229 1.5600926 1.5573538 1.5615940 1.5793855 1.5819449 1.6319790 1.5409450 1.5251249 1.5590924 1.5939536 1.4764148 1.5939536 1.5300957 1.4734096 1.5052653 1.6022846 1.5123300 1.4744840 1.5089068 1.5739294 1.6535837 1.5927495 1.5213128 1.5602065 1.5525176 1.5123804 1.5055976 1.4798172 1.5163358 6.4841378 
WP_015902871.1    0.4358627 0.4602643 0.4952547 0.4475660 0.4692780 0.4411686 0.4610525 0.4851349 0.4620747 0.5336820 0.4897873 0.4844203 0.3253998 0.3363548 0.2564575 0.2442019 0.0000000 0.3023447 0.3879349 0.4245265 0.4204506 0.4496239 0.5536103 0.5479656 1.0664643 1.6746456 1.6793413 1.7315649 1.7487266 1.7447594 1.7368213 1.7583617 1.7415606 1.7351601 1.8101737 1.7340820 1.7127353 1.7267702 1.7335392 1.6164240 1.7335392 1.7239188 1.6273315 1.6648605 1.8026482 1.7334874 1.7174003 1.7249599 1.7892052 1.8752086 1.8111922 1.7418428 1.7443216 1.7549994 1.7335952 1.6988916 1.6699881 1.7060597 6.1623175 
PSW               0.3898735 0.4039847 0.4451170 0.4437806 0.4323422 0.4025875 0.3982586 0.4516883 0.4442993 0.4543121 0.4356047 0.4305971 0.2952749 0.2689179 0.2296215 0.2463887 0.3023447 0.0000000 0.3817331 0.3455895 0.4117899 0.4263053 0.4805103 0.4966508 1.0515479 1.4962458 1.4899224 1.5066639 1.5295498 1.5094900 1.4968237 1.5059395 1.5090575 1.5184112 1.5720911 1.4793929 1.4604090 1.4924905 2.5886848 2.5913672 2.5886848 1.4852288 1.4269967 1.4824085 1.5979217 1.4934198 1.4719932 1.5292248 1.5486694 4.3448901 1.5654280 1.4942450 1.5138469 1.4951926 1.5093550 1.5066609 1.4807928 1.5124784 5.8426786 
WP_011697881.1    0.4547117 0.4481030 0.4736416 0.4538474 0.4315055 0.4146945 0.4706537 0.5103021 0.4913118 0.4828576 0.4738942 0.4594851 0.4259647 0.4481021 0.3670761 0.3476561 0.3879349 0.3817331 0.0000000 0.3191717 0.3628191 0.4302762 0.4256891 0.4761543 0.9736073 1.5998477 1.6079625 1.6189895 1.6427820 1.6124050 1.5974348 1.5876237 1.6083161 1.6124839 1.6841600 1.5973186 1.5887071 1.5944263 1.6493578 1.5401931 1.6493578 1.6176687 1.5421218 1.5915574 1.7034549 1.5911013 1.5604560 1.5887116 1.6254590 1.6980986 1.6457052 1.6013309 1.6179366 1.5829386 1.5660087 1.5427490 1.5165012 1.6052471 6.3478268 
WP_041284093.1    0.4504318 0.4530111 0.4564123 0.4601412 0.4421144 0.4361920 0.4346419 0.5049567 0.4516016 0.4665382 0.4714080 0.4552420 0.4555508 0.4435150 0.3606135 0.3385957 0.4245265 0.3455895 0.3191717 0.0000000 0.3716697 0.4401453 0.4668223 0.4586434 0.9592317 1.5158274 1.5234797 1.5778638 1.6139534 1.5657318 1.5424128 1.5384661 1.5508019 1.5603970 1.6334968 1.5390953 1.5119724 1.5102539 1.5913829 1.5000278 1.5913829 1.5561689 1.4897421 1.5360072 1.6495921 1.5204708 1.4997674 1.5587371 1.6543439 1.7269678 1.6739512 1.5895125 1.6364848 1.5905404 1.6091389 1.5570908 1.5304840 1.5454756 6.2163860 
WP_027358824.1    0.4605058 0.4782607 0.4925960 0.4638708 0.4724075 0.4536104 0.4747377 0.5192235 0.5127329 0.5178062 0.5279184 0.5230636 0.4692880 0.4581266 0.4024134 0.3583424 0.4204506 0.4117899 0.3628191 0.3716697 0.0000000 0.4551580 0.4826851 0.5159280 0.9927232 1.5197629 1.5288015 1.6018823 1.6152876 1.5853859 1.5812579 1.5840645 1.5848145 1.5889853 1.6644502 1.5618029 1.5426439 1.5536736 1.6022132 1.5196720 1.6022132 1.5536796 1.5722901 1.5018989 1.6872517 1.5767338 1.5176988 1.5819414 1.5799668 1.6425152 1.5974759 1.5544437 1.5876191 1.5368703 1.5489928 1.4869982 1.4615230 1.5530002 6.3912282 
WP_092215982.1    0.5104506 0.5354238 0.5452685 0.5555953 0.5528528 0.5587596 0.5376550 0.5460633 0.5267459 0.5739483 0.5500542 0.5238691 0.4729497 0.4778955 0.4455860 0.4199374 0.4496239 0.4263053 0.4302762 0.4401453 0.4551580 0.0000000 0.5156075 0.5086837 0.9412395 1.5869043 1.6063456 1.6704146 1.7049559 1.6697572 1.6833625 1.6805192 1.6641191 1.6825184 1.6967280 1.6295648 1.5966161 1.6147951 1.6827413 1.5703166 1.6827413 1.6755603 1.5829943 1.5529485 1.7151467 1.6171499 1.6002122 1.6489201 1.6449981 1.7185280 1.6525978 1.5831433 1.6267346 1.5886153 1.6078500 1.5741080 1.5473567 1.6203072 6.3281814 
WP_069897284.1    0.4841240 0.4948824 0.5259705 0.5138932 0.4987045 0.4822110 0.5341104 0.5304513 0.5088064 0.4961440 0.5163464 0.5088632 0.5605670 0.5324356 0.5784523 0.5058244 0.5536103 0.4805103 0.4256891 0.4668223 0.4826851 0.5156075 0.0000000 0.4216726 0.9700507 1.5663130 1.5721206 1.6221030 1.6359433 1.6436877 1.6113777 1.6142587 1.6513398 1.6406430 1.6708545 1.5795013 1.5932167 1.5794229 1.6466729 1.5545403 1.6466729 1.5663724 1.5456315 1.5585269 1.5918778 1.5323503 1.6062824 1.6297262 1.5923281 1.6874458 1.6063030 1.6015960 1.6154210 1.6032121 1.5453611 1.5709253 1.5440707 1.6123913 6.3311797 
WP_013255566.1    0.4672617 0.5036185 0.5380458 0.5010312 0.5196232 0.5032966 0.4905529 0.5778590 0.5166737 0.5563361 0.5202687 0.5176532 0.4663278 0.4766261 0.4862449 0.5087483 0.5479656 0.4966508 0.4761543 0.4586434 0.5159280 0.5086837 0.4216726 0.0000000 0.9828278 1.5142988 1.5212534 1.5807639 1.6127745 1.5488974 1.5435225 1.5201890 1.5316523 1.5365969 1.6516876 1.5733712 1.5719147 1.5608249 1.5448870 1.4660697 1.5448870 1.5257859 1.4664899 1.5642790 1.5761365 1.4920481 1.5109058 1.5932946 1.5596632 1.6394324 1.5676346 1.5147493 1.5170427 1.5457075 1.5209865 1.4865353 1.4610237 1.5129177 6.0921024 
ARCHAEAAFC98916.1 1.0538830 0.9903895 0.9913822 0.9990520 0.9670126 0.9800979 1.0357744 0.9859581 1.0464636 1.0388456 1.0698644 1.0719886 1.0962467 1.0714962 1.0735824 0.9600071 1.0664643 1.0515479 0.9736073 0.9592317 0.9927232 0.9412395 0.9700507 0.9828278 0.0000000 1.4079518 1.3986358 1.3968290 1.4202780 1.3841717 1.4093690 1.4162716 1.4129469 1.4170306 1.4619659 1.4003317 1.3986882 1.4435367 1.4010279 1.3678106 1.4010279 1.4550720 1.3683264 1.3567793 1.4454632 1.3845969 1.3700008 1.3923738 1.4151854 1.4268847 1.4211858 1.3789080 1.3877772 1.4184330 1.3674053 1.3773743 1.3658903 1.3968494 5.9198404 
WP_045825324.1    1.5934380 1.5960063 1.6848207 1.5989998 1.6267369 1.5997400 1.6136970 1.6114353 1.6295257 1.7266623 1.6204279 1.6039505 1.5542112 1.6387129 1.5950566 1.5031645 1.6746456 1.4962458 1.5998477 1.5158274 1.5197629 1.5869043 1.5663130 1.5142988 1.4079518 0.0000000 0.0060738 0.1682491 0.1781830 0.1493466 0.1510502 0.1321686 0.1234908 0.1284182 0.1633942 0.1278298 0.1277077 0.1497081 0.1302527 0.1300641 0.1302527 0.1350663 0.1015883 0.1877537 0.2167692 0.2163127 0.2092854 0.2667751 0.4295491 0.4668164 0.4276135 0.3886031 0.4186505 0.3979884 0.3710179 0.4101702 0.4208196 0.4052423 6.6893495 
WP_015817787.1    1.5954409 1.5980116 1.6886938 1.6010194 1.6287953 1.6017560 1.6161084 1.6138284 1.6314014 1.7298096 1.6209201 1.6082764 1.5619370 1.6469478 1.5974736 1.5054469 1.6793413 1.4899224 1.6079625 1.5234797 1.5288015 1.6063456 1.5721206 1.5212534 1.3986358 0.0060738 0.0000000 0.1634000 0.1737194 0.1445723 0.1462962 0.1275009 0.1188977 0.1238066 0.1585715 0.1232204 0.1231047 0.1449163 0.1305278 0.1276748 0.1305278 0.1304793 0.0991874 0.1855008 0.2120294 0.2109239 0.2066205 0.2622181 0.4231878 0.4603572 0.4212447 0.3824414 0.4123406 0.3917337 0.3655400 0.4037839 0.4143663 0.3988735 6.6942614 
WP_012698832.1    1.6451162 1.6603851 1.6835496 1.6754781 1.6336865 1.6180566 1.6865040 1.6292064 1.6336998 1.7307721 1.6900252 1.6730368 1.6559969 1.7113553 1.6406045 1.5626897 1.7315649 1.5066639 1.6189895 1.5778638 1.6018823 1.6704146 1.6221030 1.5807639 1.3968290 0.1682491 0.1634000 0.0000000 0.0103377 0.0440791 0.0462730 0.0906761 0.0926354 0.0952374 0.1371086 0.1003261 0.1008031 0.1668764 0.1299015 0.1214310 0.1299015 0.1428066 0.1337107 0.2311328 0.2346198 0.2302984 0.2109687 0.2605961 0.4062445 0.4464749 0.4056956 0.4039353 0.4355501 0.4117167 0.3959125 0.4158920 0.4266919 0.4271543 6.5232210 
AEX25782.1        1.6805812 1.6960083 1.7199007 1.7115361 1.6689014 1.6529806 1.7228605 1.6560510 1.6655573 1.7593954 1.7172822 1.6917482 1.6725415 1.7284462 1.6831279 1.5784229 1.7487266 1.5295498 1.6427820 1.6139534 1.6152876 1.7049559 1.6359433 1.6127745 1.4202780 0.1781830 0.1737194 0.0103377 0.0000000 0.0556396 0.0578974 0.1014118 0.1033967 0.1060903 0.1478797 0.1098446 0.1103746 0.1784668 0.1390580 0.1265258 0.1390580 0.1506003 0.1428104 0.2454954 0.2459702 0.2413433 0.2216843 0.2720275 0.4153140 0.4571812 0.4147489 0.4152461 0.4473837 0.4206775 0.4080130 0.4284773 0.4395316 0.4390156 6.7556281 
WP_039800831.1    1.6156018 1.6428252 1.6916615 1.6710857 1.6369738 1.6063357 1.6538000 1.6156173 1.6345115 1.7161400 1.6890107 1.6859467 1.6608537 1.6934866 1.6506617 1.5600926 1.7447594 1.5094900 1.6124050 1.5657318 1.5853859 1.6697572 1.6436877 1.5488974 1.3841717 0.1493466 0.1445723 0.0440791 0.0556396 0.0000000 0.0143138 0.0529797 0.0756421 0.0760260 0.1357058 0.1015871 0.0972141 0.1356590 0.1121521 0.1020970 0.1121521 0.1304144 0.1154386 0.2065003 0.2252466 0.2265373 0.1908275 0.2453321 0.4197681 0.4578372 0.4171924 0.4017918 0.4399623 0.4171546 0.3971685 0.4173939 0.4282093 0.4230162 6.7197683 
WP_090619181.1    1.6057850 1.6328003 1.6675576 1.6589575 1.6319808 1.6014712 1.6431541 1.6138680 1.6249984 1.7186495 1.6719510 1.6689537 1.6391413 1.6748372 1.6301941 1.5573538 1.7368213 1.4968237 1.5974348 1.5424128 1.5812579 1.6833625 1.6113777 1.5435225 1.4093690 0.1510502 0.1462962 0.0462730 0.0578974 0.0143138 0.0000000 0.0594754 0.0731999 0.0735700 0.1348217 0.0964720 0.0945212 0.1350753 0.1135688 0.1065093 0.1135688 0.1317578 0.1151346 0.2217434 0.2331180 0.2316002 0.2029050 0.2481935 0.4231531 0.4660931 0.4205704 0.4050657 0.4435550 0.4200823 0.4004362 0.4208240 0.4316940 0.4268689 6.7334073 
WP_090349185.1    1.6054056 1.6295943 1.6827469 1.6304131 1.6586345 1.6077591 1.6802550 1.5987731 1.6321095 1.7175603 1.6702857 1.6984135 1.5734024 1.6222526 1.6455507 1.5615940 1.7583617 1.5059395 1.5876237 1.5384661 1.5840645 1.6805192 1.6142587 1.5201890 1.4162716 0.1321686 0.1275009 0.0906761 0.1014118 0.0529797 0.0594754 0.0000000 0.0569368 0.0592274 0.1146582 0.0777339 0.0797466 0.1068667 0.1113728 0.1092934 0.1113728 0.1155501 0.1100631 0.1999554 0.2153580 0.2163373 0.1836742 0.2301378 0.3965284 0.4297401 0.4007421 0.3799083 0.4184738 0.3870002 0.3640949 0.3919470 0.4023682 0.3905853 6.6419185 
WP_090444292.1    1.5492451 1.5680977 1.6094817 1.5839536 1.5917146 1.5646373 1.6191340 1.5904176 1.6188415 1.6680509 1.6349747 1.6492422 1.6059982 1.6609871 1.6611645 1.5793855 1.7415606 1.5090575 1.6083161 1.5508019 1.5848145 1.6641191 1.6513398 1.5316523 1.4129469 0.1234908 0.1188977 0.0926354 0.1033967 0.0756421 0.0731999 0.0569368 0.0000000 0.0121962 0.1110843 0.0746670 0.0705090 0.1127689 0.1053175 0.1139035 0.1053175 0.1188639 0.1043670 0.2178755 0.2234133 0.2113331 0.1911035 0.2449500 0.4171829 0.4544587 0.4215018 0.4024259 0.4403208 0.4100214 0.3942955 0.4051209 0.4156717 0.4047345 6.4954015 
WP_090313068.1    1.5485617 1.5594370 1.6249714 1.5938021 1.6164954 1.5677901 1.6183459 1.5888637 1.6165671 1.6918256 1.6522288 1.6699583 1.6085429 1.6553226 1.6619642 1.5819449 1.7351601 1.5184112 1.6124839 1.5603970 1.5889853 1.6825184 1.6406430 1.5365969 1.4170306 0.1284182 0.1238066 0.0952374 0.1060903 0.0760260 0.0735700 0.0592274 0.0121962 0.0000000 0.1157695 0.0790914 0.0749320 0.1155565 0.1037909 0.1122418 0.1037909 0.1147939 0.0996038 0.2239147 0.2252037 0.2097601 0.1957229 0.2525982 0.4222405 0.4606987 0.4265693 0.4001878 0.4380851 0.4154795 0.3935499 0.4026183 0.4131554 0.3998655 6.5627331 
Q44045.1          1.6648559 1.6630088 1.7410022 1.7031093 1.7172427 1.6732705 1.7262335 1.6532930 1.7324576 1.7755506 1.6775966 1.7014478 1.6237064 1.7267497 1.6893739 1.6319790 1.8101737 1.5720911 1.6841600 1.6334968 1.6644502 1.6967280 1.6708545 1.6516876 1.4619659 0.1633942 0.1585715 0.1371086 0.1478797 0.1357058 0.1348217 0.1146582 0.1110843 0.1157695 0.0000000 0.0336707 0.0489080 0.1279345 0.1639239 0.1757102 0.1639239 0.1485841 0.1422376 0.2543782 0.2640198 0.2704027 0.2222769 0.2706169 0.4486694 0.4855421 0.4541583 0.4275637 0.4696963 0.4391613 0.4200736 0.4342067 0.4431115 0.4346044 6.6922088 
WP_011912505.1    1.5635132 1.5623004 1.6318568 1.5969916 1.6094755 1.5691580 1.6225760 1.5408840 1.6356326 1.6862567 1.5903490 1.6173528 1.5437307 1.6396605 1.6166740 1.5409450 1.7340820 1.4793929 1.5973186 1.5390953 1.5618029 1.6295648 1.5795013 1.5733712 1.4003317 0.1278298 0.1232204 0.1003261 0.1098446 0.1015871 0.0964720 0.0777339 0.0746670 0.0790914 0.0336707 0.0000000 0.0142808 0.0920789 0.1231706 0.1291255 0.1231706 0.1109461 0.1021423 0.2144533 0.2192862 0.2275032 0.1837047 0.2235696 0.3992182 0.4347365 0.4043451 0.3798574 0.4195424 0.3920132 0.3708266 0.3837972 0.3941192 0.3850471 6.5681445 
WP_028240787.1    1.5349121 1.5306361 1.6168731 1.5946117 1.5764864 1.5437759 1.5924217 1.5222415 1.6135605 1.6564871 1.5798641 1.6095813 1.5583689 1.6340001 1.5928053 1.5251249 1.7127353 1.4604090 1.5887071 1.5119724 1.5426439 1.5966161 1.5932167 1.5719147 1.3986882 0.1277077 0.1231047 0.1008031 0.1103746 0.0972141 0.0945212 0.0797466 0.0705090 0.0749320 0.0489080 0.0142808 0.0000000 0.0832621 0.1283791 0.1323265 0.1283791 0.1138307 0.1024293 0.2196979 0.2216307 0.2229462 0.1894901 0.2274967 0.4033499 0.4389359 0.4085002 0.3850684 0.4250124 0.4003929 0.3789029 0.3964159 0.4069186 0.3980586 6.6534554 
WP_065835948.1    1.5760688 1.5771812 1.6686762 1.6196799 1.6138934 1.5946267 1.6323199 1.5896466 1.6311231 1.7162099 1.6128818 1.6401311 1.5489903 1.6077860 1.6121079 1.5590924 1.7267702 1.4924905 1.5944263 1.5102539 1.5536736 1.6147951 1.5794229 1.5608249 1.4435367 0.1497081 0.1449163 0.1668764 0.1784668 0.1356590 0.1350753 0.1068667 0.1127689 0.1155565 0.1279345 0.0920789 0.0832621 0.0000000 0.1599180 0.1705088 0.1599180 0.1413064 0.1242256 0.2347694 0.2404068 0.2461112 0.2079410 0.2389242 0.4333001 0.4695757 0.4386533 0.4086616 0.4509794 0.4301250 0.3995960 0.4241757 0.4351547 0.4322452 6.8120305 
ION               1.6417345 1.6418291 1.6802233 1.6701023 1.7050087 1.6662485 1.7187492 1.6636250 1.6544068 1.7768473 1.6541632 1.6543549 1.5607068 1.6424297 1.6106879 1.5939536 1.7335392 2.5886848 1.6493578 1.5913829 1.6022132 1.6827413 1.6466729 1.5448870 1.4010279 0.1302527 0.1305278 0.1299015 0.1390580 0.1121521 0.1135688 0.1113728 0.1053175 0.1037909 0.1639239 0.1231706 0.1283791 0.1599180 0.0000000 0.0191974 0.0000010 0.0804245 0.0816081 0.1871552 0.2088499 0.2051530 0.1996574 0.2474399 0.4056995 0.9792318 0.4099807 0.3867833 0.4274695 0.3809839 0.3687156 0.3871860 0.3975406 0.3817338 6.8259350 
PSE               1.5810993 1.5841677 1.6188242 1.6070913 1.6427440 1.5959871 1.6570527 1.5750297 1.5592554 1.6922180 1.5963014 1.6222749 1.4808056 1.5639104 1.5049327 1.4764148 1.6164240 2.5913672 1.5401931 1.5000278 1.5196720 1.5703166 1.5545403 1.4660697 1.3678106 0.1300641 0.1276748 0.1214310 0.1265258 0.1020970 0.1065093 0.1092934 0.1139035 0.1122418 0.1757102 0.1291255 0.1323265 0.1705088 0.0191974 0.0000000 0.0191974 0.0837927 0.0950264 0.1893667 0.1919369 0.1912848 0.2103231 0.2606071 0.3639628 0.9706716 0.3685184 0.3384248 0.3703582 0.3323681 0.3173803 0.3320750 0.3426692 0.3273405 6.8184407 
PON               1.6417345 1.6418291 1.6802233 1.6701023 1.7050087 1.6662485 1.7187492 1.6636250 1.6544068 1.7768473 1.6541632 1.6543549 1.5607068 1.6424297 1.6106879 1.5939536 1.7335392 2.5886848 1.6493578 1.5913829 1.6022132 1.6827413 1.6466729 1.5448870 1.4010279 0.1302527 0.1305278 0.1299015 0.1390580 0.1121521 0.1135688 0.1113728 0.1053175 0.1037909 0.1639239 0.1231706 0.1283791 0.1599180 0.0000010 0.0191974 0.0000000 0.0804245 0.0816081 0.1871552 0.2088499 0.2051530 0.1996574 0.2474399 0.4056995 0.9792318 0.4099807 0.3867833 0.4274695 0.3809839 0.3687156 0.3871860 0.3975406 0.3817338 6.8259350 
WP_044616593.1    1.5717258 1.5860484 1.6483781 1.6414644 1.6431613 1.6085620 1.6677877 1.6272007 1.6098768 1.7338871 1.6156101 1.6024170 1.5424298 1.5957070 1.5935174 1.5300957 1.7239188 1.4852288 1.6176687 1.5561689 1.5536796 1.6755603 1.5663724 1.5257859 1.4550720 0.1350663 0.1304793 0.1428066 0.1506003 0.1304144 0.1317578 0.1155501 0.1188639 0.1147939 0.1485841 0.1109461 0.1138307 0.1413064 0.0804245 0.0837927 0.0804245 0.0000000 0.0839763 0.1992791 0.2150018 0.1984066 0.1790525 0.2157386 0.3838983 0.4268786 0.3850704 0.3611982 0.4006186 0.3721457 0.3511672 0.3770980 0.3873198 0.3784349 6.7259687 
ANW               1.5318277 1.5314781 1.5859101 1.5456906 1.5735312 1.5269917 1.5855696 1.5499486 1.5771025 1.6769604 1.5691503 1.5540171 1.4769613 1.5589777 1.5052339 1.4734096 1.6273315 1.4269967 1.5421218 1.4897421 1.5722901 1.5829943 1.5456315 1.4664899 1.3683264 0.1015883 0.0991874 0.1337107 0.1428104 0.1154386 0.1151346 0.1100631 0.1043670 0.0996038 0.1422376 0.1021423 0.1024293 0.1242256 0.0816081 0.0950264 0.0816081 0.0839763 0.0000000 0.1808284 0.1948154 0.2010600 0.1579385 0.1992704 0.3904285 0.3863756 0.3884472 0.3548359 0.3888866 0.3834821 0.3626554 0.3742388 0.3845011 0.3720492 7.0743978 
WP_075185653.1    1.5468072 1.5371282 1.6550300 1.5647400 1.6009109 1.5556439 1.6000723 1.5384183 1.5973265 1.6621018 1.5596037 1.5719394 1.5959473 1.6570272 1.5659379 1.5052653 1.6648605 1.4824085 1.5915574 1.5360072 1.5018989 1.5529485 1.5585269 1.5642790 1.3567793 0.1877537 0.1855008 0.2311328 0.2454954 0.2065003 0.2217434 0.1999554 0.2178755 0.2239147 0.2543782 0.2144533 0.2196979 0.2347694 0.1871552 0.1893667 0.1871552 0.1992791 0.1808284 0.0000000 0.2737186 0.2807787 0.2502061 0.2970222 0.4657619 0.5005846 0.4618671 0.4447680 0.4835437 0.4438742 0.4191474 0.4522934 0.4634708 0.4500148 6.9672969 
WP_069958444.1    1.6565290 1.6901626 1.7423581 1.6470642 1.7137874 1.6670241 1.7244538 1.7368468 1.7311773 1.8035172 1.6851569 1.6649021 1.6253678 1.7002295 1.6781211 1.6022846 1.8026482 1.5979217 1.7034549 1.6495921 1.6872517 1.7151467 1.5918778 1.5761365 1.4454632 0.2167692 0.2120294 0.2346198 0.2459702 0.2252466 0.2331180 0.2153580 0.2234133 0.2252037 0.2640198 0.2192862 0.2216307 0.2404068 0.2088499 0.1919369 0.2088499 0.2150018 0.1948154 0.2737186 0.0000000 0.2629266 0.2280464 0.2635037 0.4376355 0.4711614 0.4395958 0.4278540 0.4618177 0.4167384 0.3843946 0.3818061 0.3920018 0.3763706 6.6164059 
WP_012728879.1    1.5524697 1.5597842 1.6085403 1.5745115 1.5838461 1.5388602 1.5388297 1.5943245 1.5588831 1.6405779 1.6078307 1.5747314 1.5156382 1.5997729 1.6006312 1.5123300 1.7334874 1.4934198 1.5911013 1.5204708 1.5767338 1.6171499 1.5323503 1.4920481 1.3845969 0.2163127 0.2109239 0.2302984 0.2413433 0.2265373 0.2316002 0.2163373 0.2113331 0.2097601 0.2704027 0.2275032 0.2229462 0.2461112 0.2051530 0.1912848 0.2051530 0.1984066 0.2010600 0.2807787 0.2629266 0.0000000 0.2043819 0.2524695 0.4204640 0.4269051 0.4153326 0.3817042 0.4219427 0.3967746 0.3888008 0.3777882 0.3859775 0.3852956 7.0746261 
OIO53743.1        1.5555466 1.5785591 1.5893675 1.5907065 1.5892978 1.5361242 1.6317899 1.5760119 1.5894217 1.6888418 1.5794994 1.5449001 1.4899060 1.6222031 1.5686993 1.4744840 1.7174003 1.4719932 1.5604560 1.4997674 1.5176988 1.6002122 1.6062824 1.5109058 1.3700008 0.2092854 0.2066205 0.2109687 0.2216843 0.1908275 0.2029050 0.1836742 0.1911035 0.1957229 0.2222769 0.1837047 0.1894901 0.2079410 0.1996574 0.2103231 0.1996574 0.1790525 0.1579385 0.2502061 0.2280464 0.2043819 0.0000000 0.1771963 0.3874852 0.4306889 0.3875268 0.3654869 0.4033401 0.3880163 0.3643527 0.3612729 0.3644868 0.3576010 6.4085778 
WP_028996169.1    1.5459173 1.5401413 1.5264957 1.5495088 1.5353577 1.4878721 1.5922874 1.5690756 1.5795769 1.6054731 1.5403540 1.4894542 1.5708929 1.6541252 1.5390294 1.5089068 1.7249599 1.5292248 1.5887116 1.5587371 1.5819414 1.6489201 1.6297262 1.5932946 1.3923738 0.2667751 0.2622181 0.2605961 0.2720275 0.2453321 0.2481935 0.2301378 0.2449500 0.2525982 0.2706169 0.2235696 0.2274967 0.2389242 0.2474399 0.2606071 0.2474399 0.2157386 0.1992704 0.2970222 0.2635037 0.2524695 0.1771963 0.0000000 0.4100592 0.4425756 0.4028017 0.3852640 0.4265585 0.4074896 0.3895956 0.3753453 0.3855645 0.3821272 6.9102450 
WP_012954003.1    1.6852289 1.7173357 1.7594582 1.7174002 1.7352313 1.6923304 1.7397713 1.6882053 1.7281202 1.7522014 1.7715816 1.7594189 1.5927701 1.6683415 1.6904864 1.5739294 1.7892052 1.5486694 1.6254590 1.6543439 1.5799668 1.6449981 1.5923281 1.5596632 1.4151854 0.4295491 0.4231878 0.4062445 0.4153140 0.4197681 0.4231531 0.3965284 0.4171829 0.4222405 0.4486694 0.3992182 0.4033499 0.4333001 0.4056995 0.3639628 0.4056995 0.3838983 0.3904285 0.4657619 0.4376355 0.4204640 0.3874852 0.4100592 0.0000000 0.0021173 0.0084834 0.1341243 0.1484714 0.1453568 0.1517329 0.2252558 0.2355541 0.2460762 7.2470700 
ASW               1.7567331 1.7894471 1.8330600 1.7929145 1.8097907 1.7659974 1.8120815 1.7595994 1.8047855 1.8305729 1.8340984 1.8219269 1.6598799 1.7353777 1.7654722 1.6535837 1.8752086 4.3448901 1.6980986 1.7269678 1.6425152 1.7185280 1.6874458 1.6394324 1.4268847 0.4668164 0.4603572 0.4464749 0.4571812 0.4578372 0.4660931 0.4297401 0.4544587 0.4606987 0.4855421 0.4347365 0.4389359 0.4695757 0.9792318 0.9706716 0.9792318 0.4268786 0.3863756 0.5005846 0.4711614 0.4269051 0.4306889 0.4425756 0.0021173 0.0000000 0.0106290 0.1368384 0.1512648 0.1449773 0.1519403 0.2220402 0.2322841 0.2428159 7.2635826 
KFF41298.1        1.7108194 1.7363550 1.7779507 1.7227050 1.7330087 1.7111423 1.7222409 1.7008609 1.7472790 1.7425946 1.7821801 1.7669532 1.6040431 1.6801697 1.7121460 1.5927495 1.8111922 1.5654280 1.6457052 1.6739512 1.5974759 1.6525978 1.6063030 1.5676346 1.4211858 0.4276135 0.4212447 0.4056956 0.4147489 0.4171924 0.4205704 0.4007421 0.4215018 0.4265693 0.4541583 0.4043451 0.4085002 0.4386533 0.4099807 0.3685184 0.4099807 0.3850704 0.3884472 0.4618671 0.4395958 0.4153326 0.3875268 0.4028017 0.0084834 0.0106290 0.0000000 0.1309852 0.1452131 0.1444448 0.1486634 0.2297319 0.2400451 0.2477718 7.2537353 
WP_008274043.1    1.6793401 1.6666112 1.7247422 1.6740680 1.6793815 1.6806294 1.7120588 1.6781864 1.6107081 1.7039857 1.7207739 1.7245655 1.5886288 1.6592257 1.6011700 1.5213128 1.7418428 1.4942450 1.6013309 1.5895125 1.5544437 1.5831433 1.6015960 1.5147493 1.3789080 0.3886031 0.3824414 0.4039353 0.4152461 0.4017918 0.4050657 0.3799083 0.4024259 0.4001878 0.4275637 0.3798574 0.3850684 0.4086616 0.3867833 0.3384248 0.3867833 0.3611982 0.3548359 0.4447680 0.4278540 0.3817042 0.3654869 0.3852640 0.1341243 0.1368384 0.1309852 0.0000000 0.0411876 0.1024559 0.1090850 0.2105524 0.2178844 0.2081946 7.0934315 
BAF47152.1        1.6610638 1.6493732 1.7042270 1.6633521 1.6595698 1.6698140 1.6916480 1.6363175 1.6049158 1.6872245 1.7022141 1.7127927 1.5878933 1.6567324 1.6178609 1.5602065 1.7443216 1.5138469 1.6179366 1.6364848 1.5876191 1.6267346 1.6154210 1.5170427 1.3877772 0.4186505 0.4123406 0.4355501 0.4473837 0.4399623 0.4435550 0.4184738 0.4403208 0.4380851 0.4696963 0.4195424 0.4250124 0.4509794 0.4274695 0.3703582 0.4274695 0.4006186 0.3888866 0.4835437 0.4618177 0.4219427 0.4033401 0.4265585 0.1484714 0.1512648 0.1452131 0.0411876 0.0000000 0.1236667 0.1294608 0.2298375 0.2375133 0.2243166 7.2506507 
WP_007305801.1    1.7173181 1.6780730 1.7653659 1.6933589 1.7006506 1.6808336 1.7330771 1.6494073 1.6383260 1.6957903 1.7001032 1.6877732 1.5700865 1.6279431 1.6254065 1.5525176 1.7549994 1.4951926 1.5829386 1.5905404 1.5368703 1.5886153 1.6032121 1.5457075 1.4184330 0.3979884 0.3917337 0.4117167 0.4206775 0.4171546 0.4200823 0.3870002 0.4100214 0.4154795 0.4391613 0.3920132 0.4003929 0.4301250 0.3809839 0.3323681 0.3809839 0.3721457 0.3834821 0.4438742 0.4167384 0.3967746 0.3880163 0.4074896 0.1453568 0.1449773 0.1444448 0.1024559 0.1236667 0.0000000 0.0814343 0.1817561 0.1912093 0.2113765 7.5092875 
AAW57050.1        1.6760171 1.6426894 1.7300804 1.6775586 1.6867435 1.6611939 1.6956357 1.6415398 1.6409519 1.6937778 1.7181266 1.7268710 1.5734756 1.6346682 1.6025002 1.5123804 1.7335952 1.5093550 1.5660087 1.6091389 1.5489928 1.6078500 1.5453611 1.5209865 1.3674053 0.3710179 0.3655400 0.3959125 0.4080130 0.3971685 0.4004362 0.3640949 0.3942955 0.3935499 0.4200736 0.3708266 0.3789029 0.3995960 0.3687156 0.3173803 0.3687156 0.3511672 0.3626554 0.4191474 0.3843946 0.3888008 0.3643527 0.3895956 0.1517329 0.1519403 0.1486634 0.1090850 0.1294608 0.0814343 0.0000000 0.1753785 0.1823092 0.2044129 7.5213562 
WP_012595105.1    1.6101146 1.5853077 1.6972206 1.6020326 1.6297428 1.5934417 1.6594813 1.6227347 1.5925497 1.6381181 1.6451483 1.6392611 1.5221975 1.6148401 1.5854819 1.5055976 1.6988916 1.5066609 1.5427490 1.5570908 1.4869982 1.5741080 1.5709253 1.4865353 1.3773743 0.4101702 0.4037839 0.4158920 0.4284773 0.4173939 0.4208240 0.3919470 0.4051209 0.4026183 0.4342067 0.3837972 0.3964159 0.4241757 0.3871860 0.3320750 0.3871860 0.3770980 0.3742388 0.4522934 0.3818061 0.3777882 0.3612729 0.3753453 0.2252558 0.2220402 0.2297319 0.2105524 0.2298375 0.1817561 0.1753785 0.0000000 0.0063718 0.1003877 6.9793640 
AAA64844.1        1.5826162 1.5583945 1.6681399 1.5747292 1.6018790 1.5662681 1.6312093 1.5950599 1.5654085 1.6101822 1.6171040 1.6112638 1.4964300 1.5873928 1.5584731 1.4798172 1.6699881 1.4807928 1.5165012 1.5304840 1.4615230 1.5473567 1.5440707 1.4610237 1.3658903 0.4208196 0.4143663 0.4266919 0.4395316 0.4282093 0.4316940 0.4023682 0.4156717 0.4131554 0.4431115 0.3941192 0.4069186 0.4351547 0.3975406 0.3426692 0.3975406 0.3873198 0.3845011 0.4634708 0.3920018 0.3859775 0.3644868 0.3855645 0.2355541 0.2322841 0.2400451 0.2178844 0.2375133 0.1912093 0.1823092 0.0063718 0.0000000 0.1060824 7.1075632 
WP_013323682.1    1.6431722 1.6323471 1.7263502 1.6484863 1.6597229 1.6323387 1.6779809 1.6497708 1.5817247 1.6773814 1.6477935 1.6257949 1.5602418 1.6158635 1.5842786 1.5163358 1.7060597 1.5124784 1.6052471 1.5454756 1.5530002 1.6203072 1.6123913 1.5129177 1.3968494 0.4052423 0.3988735 0.4271543 0.4390156 0.4230162 0.4268689 0.3905853 0.4047345 0.3998655 0.4346044 0.3850471 0.3980586 0.4322452 0.3817338 0.3273405 0.3817338 0.3784349 0.3720492 0.4500148 0.3763706 0.3852956 0.3576010 0.3821272 0.2460762 0.2428159 0.2477718 0.2081946 0.2243166 0.2113765 0.2044129 0.1003877 0.1060824 0.0000000 6.9886976 
MED               6.4619759 6.6862179 6.3727813 6.5392564 6.3194173 5.8899372 6.1251144 6.2800530 6.4670121 6.4091505 6.3139223 6.6033913 6.2365922 6.2352625 6.1274997 6.4841378 6.1623175 5.8426786 6.3478268 6.2163860 6.3912282 6.3281814 6.3311797 6.0921024 5.9198404 6.6893495 6.6942614 6.5232210 6.7556281 6.7197683 6.7334073 6.6419185 6.4954015 6.5627331 6.6922088 6.5681445 6.6534554 6.8120305 6.8259350 6.8184407 6.8259350 6.7259687 7.0743978 6.9672969 6.6164059 7.0746261 6.4085778 6.9102450 7.2470700 7.2635826 7.2537353 7.0934315 7.2506507 7.5092875 7.5213562 6.9793640 7.1075632 6.9886976 0.0000000 
