70
MED               0.0000000 0.0715497 0.2525266 2.3700013 2.8859691 2.9316219 2.9279428 2.7716868 2.6713508 3.1455556 2.9324730 2.7994140 2.9623412 2.9753277 2.9689042 3.0974142 3.0919057 2.8396716 3.0712629 3.0467042 2.5776769 2.5985163 2.6492456 2.9672542 2.9198895 2.7127661 2.7147662 3.0028328 2.8585845 2.8125366 2.8547132 2.9391334 3.0224526 2.8788639 2.8713968 2.9066552 2.9549025 2.9127182 2.9519060 3.0952010 2.5524524 2.5524524 2.9174415 2.9164247 2.9588096 2.9298335 3.0268588 2.5855518 2.5411573 2.8891093 3.0233960 2.8276416 3.1215049 3.0342431 2.9653036 3.0468845 3.0162754 3.0394064 3.0011241 3.2390247 3.2490162 3.2559984 3.2653755 2.8511831 3.2159121 3.3630306 2.9027226 3.1055864 8.9999982 8.9999981 
IOS               0.0715497 0.0000000 0.2861407 2.3387767 2.8195412 2.7728546 2.8422500 2.6820203 2.5226224 2.9112264 2.8017896 2.7502619 2.8514637 2.8917982 2.8779478 2.9175939 2.9451805 2.6648813 2.9558547 2.9416899 2.4567509 2.4629534 2.6258130 2.7778410 2.6214426 2.4897964 2.5845393 2.8138668 2.4742243 2.4344260 2.4112675 2.4827918 2.3129243 2.3569475 2.3566457 2.4718501 2.4363242 2.4498761 2.4814738 2.4529134 2.5449154 2.5449154 2.5029976 2.4786760 2.4749704 2.4440321 2.4972633 2.5035729 2.4830337 2.4772144 2.5484956 2.5065969 2.6252103 2.5419946 2.5534457 2.5136491 2.4893327 2.5824669 2.5150807 2.6688808 2.6875620 2.6417684 2.6906777 2.7474139 2.5671820 2.4656030 2.6629852 2.6853334 8.9999981 8.9999981 
ANE               0.2525266 0.2861407 0.0000000 2.2209342 2.8952981 3.0020998 2.8127370 2.9479713 2.9063084 3.2244639 3.0650800 2.9679576 3.0354362 3.0679358 2.9626379 3.1869378 3.1206756 2.8962316 2.9018071 3.0126750 2.7470971 2.7639560 2.7045819 2.8296114 2.8837429 2.7574430 2.7780673 3.0100743 2.7786195 2.8299084 2.7251666 2.9553852 2.7585152 2.8034790 2.7654493 2.8713242 2.8594003 2.9048489 2.8372408 2.8923070 2.9219452 2.9219452 2.7873234 2.7797168 2.7080079 2.7527722 2.7304283 2.7062998 2.7714475 2.8259620 2.8449475 2.8137041 2.8570499 2.7666233 2.8834798 2.8745098 2.7824849 2.9976338 2.8143231 2.9831937 3.0383263 3.0415819 3.1311758 3.2318546 2.8930003 2.9936371 3.0252988 3.1697955 8.9999980 8.9999983 
ASE               2.3700013 2.3387767 2.2209342 0.0000000 2.0214132 1.7436504 2.0657072 1.9184756 1.9746082 1.8999876 1.9708574 1.8118859 1.9935672 2.0225801 1.9458508 1.9802545 1.9453285 1.9914882 1.8557955 1.9506471 1.9493583 1.9070618 1.7837001 1.8123627 1.9376702 1.8548252 1.7763072 2.0505277 2.0008531 2.0422721 2.0175097 1.9811470 2.0006797 1.9862259 1.9659853 2.0204065 1.9905268 2.0736462 2.0736462 2.1508125 2.0592797 2.0592797 2.0323970 2.0455209 1.9868430 2.0027818 2.0719721 2.0364147 2.0564305 2.0916642 1.9818635 1.9768381 2.0256115 2.0179097 1.9996772 2.0219378 1.9721315 2.0184824 2.0414335 2.4293162 2.4369569 2.5099667 2.5270309 2.5035967 2.1494764 2.1670341 2.2870384 2.2230464 8.9999981 8.9999980 
ARCHAEAAFC98913.1 2.8859691 2.8195412 2.8952981 2.0214132 0.0000000 0.3727763 0.4002884 0.3780345 0.3607346 0.3888417 0.3659678 0.3761608 0.4085708 0.3743215 0.3673830 0.3747871 0.3620288 0.4015773 0.4048595 0.3768106 0.4353834 0.4280515 0.3853380 0.3947099 0.3909047 0.3895370 0.3113437 0.4367191 0.4846944 0.4773606 0.4813166 0.5128836 0.4882503 0.5033287 0.5067075 0.4997617 0.5015968 0.4826380 0.4872289 0.4904304 0.4634529 0.4634529 0.4942975 0.4873469 0.4700619 0.4723566 0.5324924 0.4843448 0.4893404 0.5383752 0.4965874 0.4755551 0.5246778 0.5085615 0.4999393 0.4996637 0.5029072 0.4650979 0.4708830 0.6117730 0.6194550 0.6364255 0.6222122 0.5982529 0.5332474 0.6040113 0.5132775 0.6422157 8.9618095 6.1921682 
WP_010936850.1    2.9316219 2.7728546 3.0020998 1.7436504 0.3727763 0.0000000 0.3306289 0.3765857 0.3438480 0.3380923 0.3415221 0.3381238 0.3086208 0.3125837 0.3065145 0.2908859 0.2929644 0.3003600 0.2770261 0.2940975 0.2971858 0.2803911 0.2417095 0.2555539 0.2781501 0.2755258 0.2232892 0.3755250 0.4417926 0.4347860 0.4288038 0.4739126 0.4436896 0.4384023 0.4346502 0.4397022 0.4333642 0.4306019 0.4343253 0.4378791 0.4553614 0.4553614 0.4444988 0.4475473 0.4447787 0.4564552 0.4949324 0.4867414 0.4852565 0.4505471 0.4898476 0.4781974 0.4918092 0.4530500 0.4994799 0.4936345 0.4493162 0.4558249 0.4765154 0.5798189 0.5696312 0.5537934 0.5030096 0.4895344 0.5033866 0.5418728 0.5197785 0.6009755 8.9999983 7.2467363 
AKG53288.1        2.9279428 2.8422500 2.8127370 2.0657072 0.4002884 0.3306289 0.0000000 0.3636817 0.3223534 0.3670356 0.2933270 0.3189247 0.3301414 0.3333440 0.3076286 0.3190812 0.3203887 0.3316848 0.3443249 0.3046216 0.3589104 0.3513347 0.3254913 0.3120072 0.2863857 0.3140485 0.2639693 0.3956230 0.4494880 0.4423670 0.4267179 0.4605501 0.4344921 0.4700376 0.4747853 0.4541565 0.4544122 0.4298074 0.4272042 0.4418050 0.4148422 0.4148422 0.4069098 0.4102600 0.4145422 0.4253136 0.4592625 0.4384131 0.4221726 0.4054501 0.4847573 0.4951659 0.4525796 0.4740865 0.4806712 0.4923003 0.4665577 0.4512620 0.4276341 0.5118178 0.5201514 0.5209987 0.5137552 0.4825524 0.5370534 0.5294903 0.5030496 0.5308667 8.9999985 7.0940561 
WP_024336028.1    2.7716868 2.6820203 2.9479713 1.9184756 0.3780345 0.3765857 0.3636817 0.0000000 0.1058894 0.1444533 0.1599840 0.1844138 0.3721596 0.3545462 0.3459142 0.3442122 0.3480768 0.3612704 0.3763913 0.3316713 0.3446151 0.3391058 0.3104048 0.3124535 0.3162782 0.3549400 0.3257441 0.2785163 0.4675423 0.4603070 0.4562763 0.4361702 0.4563421 0.4251043 0.4256303 0.4288028 0.4298142 0.4356392 0.4562347 0.4547292 0.4162678 0.4162678 0.4469604 0.4542070 0.4499864 0.4107147 0.4489474 0.4180684 0.4390367 0.4711456 0.4416559 0.4349737 0.4927523 0.5179548 0.4789233 0.4618635 0.4771467 0.4734557 0.4794038 0.5067977 0.4990340 0.4947651 0.5211012 0.4948145 0.4679825 0.4866391 0.4235378 0.5862950 8.9999988 7.4368192 
WP_015902868.1    2.6713508 2.5226224 2.9063084 1.9746082 0.3607346 0.3438480 0.3223534 0.1058894 0.0000000 0.1736416 0.1789325 0.2007440 0.3105861 0.2927999 0.2999460 0.3172211 0.3188267 0.3356309 0.3554893 0.2964584 0.3512087 0.3365968 0.3087540 0.3050880 0.2876174 0.3095593 0.3071665 0.2789187 0.4332374 0.4262014 0.4192056 0.4194905 0.4158993 0.4081065 0.4087095 0.4103528 0.4156826 0.3940774 0.4149587 0.4125785 0.3699112 0.3699112 0.4183235 0.4172143 0.4242043 0.3864170 0.4166954 0.3702446 0.3904449 0.4443261 0.4139900 0.4051585 0.4468733 0.4768791 0.4563013 0.4326797 0.4583671 0.4452028 0.4481633 0.4753847 0.4819708 0.4665556 0.4781529 0.4548845 0.4184336 0.4562267 0.4111402 0.5342289 8.9999990 7.6909443 
WP_022667737.1    3.1455556 2.9112264 3.2244639 1.8999876 0.3888417 0.3380923 0.3670356 0.1444533 0.1736416 0.0000000 0.1196515 0.1319722 0.3357153 0.3327687 0.3300622 0.3067975 0.3168001 0.3242418 0.3518962 0.3174545 0.3514325 0.3404001 0.3139120 0.2882276 0.3372650 0.3337949 0.2947047 0.2726258 0.4756592 0.4683914 0.4606187 0.4501224 0.4707859 0.4371022 0.4276264 0.4554514 0.4387989 0.4597488 0.4658374 0.4673342 0.4183189 0.4183189 0.4446810 0.4676450 0.4590643 0.4296473 0.4573551 0.4238240 0.4609863 0.4791945 0.4646184 0.4376197 0.5207201 0.5323876 0.4930798 0.4969048 0.4924823 0.4935528 0.5118053 0.4605762 0.4534091 0.4580885 0.4799922 0.4592710 0.4385406 0.4750457 0.4045684 0.5630160 8.9999988 8.1892658 
OGR13489.1        2.9324730 2.8017896 3.0650800 1.9708574 0.3659678 0.3415221 0.2933270 0.1599840 0.1789325 0.1196515 0.0000000 0.1408220 0.3040849 0.3080809 0.2997665 0.2585178 0.2551021 0.2894553 0.2982680 0.2747543 0.3346680 0.3155392 0.3061344 0.2838758 0.3122985 0.2937708 0.2501163 0.2759028 0.4664940 0.4592404 0.4528951 0.4752259 0.4815839 0.4744595 0.4646467 0.4731440 0.4486818 0.4786531 0.4729135 0.4864917 0.4351811 0.4351811 0.4500944 0.4732775 0.4489147 0.4429283 0.4539350 0.4288903 0.4551426 0.4691028 0.4586670 0.4703365 0.4880720 0.5019863 0.4763911 0.4835538 0.4601997 0.4513636 0.4809266 0.5099046 0.4963864 0.5027633 0.5200571 0.4914831 0.4729948 0.5419923 0.4185684 0.6037223 8.9999990 7.8049653 
WP_035237762.1    2.7994140 2.7502619 2.9679576 1.8118859 0.3761608 0.3381238 0.3189247 0.1844138 0.2007440 0.1319722 0.1408220 0.0000000 0.3093363 0.2909635 0.2904293 0.2982548 0.2954151 0.3343817 0.3371474 0.2779600 0.3288768 0.3134674 0.2755206 0.2807868 0.3201991 0.2954991 0.2496635 0.2799164 0.4124191 0.4055874 0.4034610 0.4207323 0.4523028 0.4084295 0.4019697 0.4023787 0.4134384 0.4293497 0.4383951 0.4413511 0.4019403 0.4019403 0.3970635 0.4087453 0.4227892 0.3951693 0.4245576 0.4091189 0.4418027 0.4269393 0.4279750 0.4220122 0.4506784 0.5057395 0.4470812 0.4491687 0.4408124 0.4428136 0.4817080 0.4370682 0.4336848 0.4446042 0.4383324 0.4072162 0.4177928 0.5027372 0.4138227 0.5133871 8.9999987 7.4769013 
WP_013513968.1    2.9623412 2.8514637 3.0354362 1.9935672 0.4085708 0.3086208 0.3301414 0.3721596 0.3105861 0.3357153 0.3040849 0.3093363 0.0000000 0.0423677 0.0533855 0.1394028 0.1392923 0.1561266 0.1752955 0.1444599 0.2876435 0.2697699 0.2694623 0.2465856 0.2433542 0.2320172 0.2227897 0.2964680 0.4475775 0.4404885 0.4278588 0.4644936 0.4517999 0.4676413 0.4571656 0.4625443 0.4233597 0.4484949 0.4584617 0.4644869 0.4364223 0.4364223 0.4687289 0.4596491 0.4575168 0.4490808 0.4617044 0.4786631 0.4717135 0.4296188 0.4916902 0.4890154 0.4910848 0.4951183 0.4822262 0.5015004 0.4482090 0.4636183 0.4671488 0.5655676 0.5647266 0.5633268 0.5125474 0.5001419 0.4786663 0.5487306 0.5135708 0.5229465 8.9999982 8.6243505 
WP_015416172.1    2.9753277 2.8917982 3.0679358 2.0225801 0.3743215 0.3125837 0.3333440 0.3545462 0.2927999 0.3327687 0.3080809 0.2909635 0.0423677 0.0000000 0.0567012 0.1606629 0.1611420 0.1850238 0.1957722 0.1500443 0.2848301 0.2772023 0.2471677 0.2437540 0.2355518 0.2211099 0.2187216 0.2789460 0.4370906 0.4301177 0.4409239 0.4712377 0.4611812 0.4586319 0.4536978 0.4587272 0.4312966 0.4450648 0.4634482 0.4609995 0.4105345 0.4105345 0.4529031 0.4574466 0.4468372 0.4537256 0.4582207 0.4536592 0.4503827 0.4402098 0.4951054 0.4767146 0.4882980 0.4895787 0.4991928 0.4826171 0.4658089 0.4641059 0.4583901 0.5723357 0.5683600 0.5753074 0.5191375 0.4963842 0.4748714 0.5569140 0.5111669 0.5513038 8.9999986 8.0354514 
WP_014321935.1    2.9689042 2.8779478 2.9626379 1.9458508 0.3673830 0.3065145 0.3076286 0.3459142 0.2999460 0.3300622 0.2997665 0.2904293 0.0533855 0.0567012 0.0000000 0.1517213 0.1373633 0.1739449 0.1853745 0.1343374 0.2876805 0.2664432 0.2555781 0.2232068 0.2319182 0.2313603 0.2074793 0.2993409 0.3901011 0.3834088 0.3877454 0.4268893 0.4172246 0.4219007 0.4141507 0.4194485 0.4042572 0.4050416 0.4196731 0.4204094 0.3933989 0.3933989 0.4251260 0.4208995 0.4097719 0.4102917 0.4080620 0.4205772 0.4262761 0.4007074 0.4579316 0.4472010 0.4575566 0.4508919 0.4528962 0.4419249 0.4203024 0.4233816 0.4129708 0.5482112 0.5473533 0.5532722 0.5075517 0.4945414 0.4801340 0.5409354 0.4970558 0.5197005 8.9999986 8.1003669 
WP_092193637.1    3.0974142 2.9175939 3.1869378 1.9802545 0.3747871 0.2908859 0.3190812 0.3442122 0.3172211 0.3067975 0.2585178 0.2982548 0.1394028 0.1606629 0.1517213 0.0000000 0.0296628 0.0382009 0.1197938 0.0999714 0.2422478 0.2408022 0.2378224 0.1909809 0.2414932 0.2145534 0.1731321 0.3118884 0.4778258 0.4704955 0.4647081 0.5061160 0.4776265 0.4850821 0.4798299 0.4956391 0.4651067 0.4840364 0.5040020 0.5007478 0.4591141 0.4591141 0.4991116 0.4936837 0.4674208 0.4803968 0.4875814 0.4750930 0.4818851 0.4663010 0.4846315 0.4782025 0.5393382 0.4983601 0.5218835 0.5191976 0.4863141 0.5038478 0.4851997 0.5396128 0.5387689 0.5351132 0.5305719 0.5035316 0.4988949 0.5438402 0.4934174 0.5965666 8.9999984 8.3633849 
WP_028577402.1    3.0919057 2.9451805 3.1206756 1.9453285 0.3620288 0.2929644 0.3203887 0.3480768 0.3188267 0.3168001 0.2551021 0.2954151 0.1392923 0.1611420 0.1373633 0.0296628 0.0000000 0.0535050 0.1028020 0.0913025 0.2422591 0.2407924 0.2228187 0.1915148 0.2315325 0.2098523 0.1586782 0.3064564 0.4807606 0.4733646 0.4685075 0.5223445 0.4919714 0.5003424 0.4950270 0.5010005 0.4748120 0.4988997 0.5077866 0.5158443 0.4586769 0.4586769 0.5117248 0.5030239 0.4765422 0.4929954 0.4995621 0.4727578 0.4877307 0.4758180 0.4979453 0.4841987 0.5476104 0.4926493 0.5246437 0.5184217 0.4886964 0.4989424 0.5002355 0.5542282 0.5533939 0.5626881 0.5529011 0.5186884 0.5293854 0.5746796 0.4993546 0.5981540 8.9999983 7.7081463 
WP_015773052.1    2.8396716 2.6648813 2.8962316 1.9914882 0.4015773 0.3003600 0.3316848 0.3612704 0.3356309 0.3242418 0.2894553 0.3343817 0.1561266 0.1850238 0.1739449 0.0382009 0.0535050 0.0000000 0.1287478 0.1196662 0.2312408 0.2396228 0.2334747 0.2057654 0.2562322 0.2282074 0.1870921 0.3257777 0.4977951 0.4903174 0.4707559 0.5050353 0.4698305 0.4818974 0.4766973 0.5048458 0.4857761 0.4788442 0.4948276 0.4954122 0.4723362 0.4723362 0.5291096 0.5276702 0.5063467 0.4958027 0.5112713 0.4887670 0.5025797 0.5028709 0.5066629 0.4890048 0.5410795 0.4862910 0.5355909 0.5116294 0.4767005 0.5140092 0.5028529 0.5436631 0.5456664 0.5308228 0.5473617 0.5199992 0.5212551 0.5460299 0.5284645 0.6267006 8.9999988 7.9621362 
WP_013257272.1    3.0712629 2.9558547 2.9018071 1.8557955 0.4048595 0.2770261 0.3443249 0.3763913 0.3554893 0.3518962 0.2982680 0.3371474 0.1752955 0.1957722 0.1853745 0.1197938 0.1028020 0.1287478 0.0000000 0.0920558 0.2490760 0.2569214 0.2126919 0.2016567 0.2522533 0.2468656 0.1993385 0.3355934 0.5132859 0.5056294 0.4944626 0.5627483 0.5141217 0.5365558 0.5309110 0.5396718 0.5221638 0.5215497 0.5167699 0.5390421 0.5020641 0.5020641 0.5479333 0.5285092 0.5127476 0.5284846 0.5549714 0.5262545 0.5345447 0.4884688 0.5381340 0.5334236 0.5526839 0.5164624 0.5403551 0.5464513 0.5064020 0.5173787 0.5354061 0.5716988 0.5708594 0.5911126 0.5787687 0.5669974 0.5550716 0.6162211 0.5533296 0.6096265 8.9999983 8.2097097 
WP_049675847.1    3.0467042 2.9416899 3.0126750 1.9506471 0.3768106 0.2940975 0.3046216 0.3316713 0.2964584 0.3174545 0.2747543 0.2779600 0.1444599 0.1500443 0.1343374 0.0999714 0.0913025 0.1196662 0.0920558 0.0000000 0.2585439 0.2516045 0.2048132 0.2011765 0.2413891 0.2199046 0.1662201 0.2806732 0.4787421 0.4713207 0.4661873 0.5296051 0.4892497 0.4955145 0.4860756 0.4825481 0.4794399 0.4634206 0.4787752 0.4797986 0.4452862 0.4452862 0.4852931 0.4741809 0.4593743 0.4920645 0.4800175 0.4678647 0.4745189 0.4621556 0.4969529 0.4892842 0.5357625 0.5006011 0.5204506 0.4971764 0.4849167 0.4946113 0.4791296 0.5240023 0.5231539 0.5427396 0.5445124 0.5079881 0.5026061 0.5538739 0.5066276 0.5663659 8.9999987 7.6730682 
WP_043581909.1    2.5776769 2.4567509 2.7470971 1.9493583 0.4353834 0.2971858 0.3589104 0.3446151 0.3512087 0.3514325 0.3346680 0.3288768 0.2876435 0.2848301 0.2876805 0.2422478 0.2422591 0.2312408 0.2490760 0.2585439 0.0000000 0.0298793 0.1780596 0.1918073 0.1792190 0.1949277 0.2269557 0.3519813 0.5229494 0.5152014 0.5070936 0.4930377 0.4986633 0.5022202 0.4990635 0.5004840 0.4868818 0.5160942 0.5238965 0.5170068 0.4934265 0.4934265 0.5223753 0.5066650 0.5243859 0.5048451 0.5180667 0.5056371 0.5183153 0.4947564 0.5130196 0.5142542 0.5216049 0.4940941 0.5415119 0.5367161 0.4974472 0.5117936 0.5106604 0.5637110 0.5648908 0.5821627 0.5461548 0.5340141 0.5279220 0.5300603 0.5188190 0.6513346 8.9999987 8.2800563 
WP_068768887.1    2.5985163 2.4629534 2.7639560 1.9070618 0.4280515 0.2803911 0.3513347 0.3391058 0.3365968 0.3404001 0.3155392 0.3134674 0.2697699 0.2772023 0.2664432 0.2408022 0.2407924 0.2396228 0.2569214 0.2516045 0.0298793 0.0000000 0.1734146 0.1781322 0.1692167 0.1960906 0.2262771 0.3244916 0.5217761 0.5140332 0.4930144 0.4818802 0.4868658 0.4970392 0.4939122 0.4814409 0.4642671 0.4998015 0.5074573 0.5007063 0.4823405 0.4823405 0.5040917 0.5037501 0.5040136 0.4818389 0.5129415 0.5024549 0.5068295 0.4745430 0.5078744 0.5112812 0.5290981 0.5013433 0.5319355 0.5242592 0.4811621 0.5086407 0.5141000 0.5764519 0.5776652 0.5782831 0.5388509 0.5206564 0.5050648 0.5302690 0.5105911 0.6314186 8.9999982 7.9238647 
WP_048398681.1    2.6492456 2.6258130 2.7045819 1.7837001 0.3853380 0.2417095 0.3254913 0.3104048 0.3087540 0.3139120 0.3061344 0.2755206 0.2694623 0.2471677 0.2555781 0.2378224 0.2228187 0.2334747 0.2126919 0.2048132 0.1780596 0.1734146 0.0000000 0.1520659 0.2125357 0.1801871 0.1754911 0.3160307 0.5108212 0.5031424 0.5003401 0.5065879 0.5072449 0.4942200 0.4824004 0.4824032 0.4930531 0.4935898 0.4890035 0.5015224 0.4678061 0.4678061 0.4956861 0.4868446 0.5067748 0.4831230 0.5205474 0.4928852 0.4914395 0.4919190 0.5289961 0.4901525 0.5274228 0.5056872 0.4917465 0.5036874 0.4973141 0.5215284 0.5076510 0.5848873 0.5746975 0.5681810 0.5608727 0.5331996 0.5391625 0.5644962 0.5287638 0.5871841 8.9999982 6.9278634 
WP_013044574.1    2.9672542 2.7778410 2.8296114 1.8123627 0.3947099 0.2555539 0.3120072 0.3124535 0.3050880 0.2882276 0.2838758 0.2807868 0.2465856 0.2437540 0.2232068 0.1909809 0.1915148 0.2057654 0.2016567 0.2011765 0.1918073 0.1781322 0.1520659 0.0000000 0.1748114 0.1650976 0.1883973 0.2927055 0.4620150 0.4548129 0.4374168 0.4538030 0.4563935 0.4294369 0.4314892 0.4321899 0.4370188 0.4514277 0.4656191 0.4609338 0.4319947 0.4319947 0.4562509 0.4670680 0.4449198 0.4546431 0.4660634 0.4515521 0.4416633 0.4562450 0.4569148 0.4784915 0.4858865 0.5040841 0.4869953 0.4750080 0.4787724 0.4752175 0.4753831 0.5225264 0.5188032 0.5233644 0.5584049 0.5260875 0.4900155 0.4985885 0.5048999 0.5778960 8.9999987 7.0794098 
WP_075078689.1    2.9198895 2.6214426 2.8837429 1.9376702 0.3909047 0.2781501 0.2863857 0.3162782 0.2876174 0.3372650 0.3122985 0.3201991 0.2433542 0.2355518 0.2319182 0.2414932 0.2315325 0.2562322 0.2522533 0.2413891 0.1792190 0.1692167 0.2125357 0.1748114 0.0000000 0.1392079 0.2307644 0.3064726 0.4458959 0.4387035 0.4293706 0.4723744 0.4367323 0.4326067 0.4408550 0.4327453 0.4140775 0.4111013 0.4232754 0.4278036 0.4453822 0.4453822 0.4342844 0.4334150 0.4254921 0.4298542 0.4681784 0.4490412 0.4402791 0.4422443 0.4987965 0.5174028 0.4865958 0.4725744 0.5211010 0.5025755 0.4920626 0.4791878 0.4628428 0.5262230 0.5206353 0.5222805 0.5408957 0.5206354 0.4689084 0.4947281 0.4601341 0.5998214 8.9999988 8.9572373 
EDY82020.1        2.7127661 2.4897964 2.7574430 1.8548252 0.3895370 0.2755258 0.3140485 0.3549400 0.3095593 0.3337949 0.2937708 0.2954991 0.2320172 0.2211099 0.2313603 0.2145534 0.2098523 0.2282074 0.2468656 0.2199046 0.1949277 0.1960906 0.1801871 0.1650976 0.1392079 0.0000000 0.1712337 0.3435509 0.4822659 0.4749310 0.4852656 0.4963400 0.5069621 0.4798014 0.4816712 0.4722681 0.4711993 0.4770446 0.4896255 0.4868236 0.4846361 0.4846361 0.5471622 0.4933817 0.4890833 0.4991351 0.4964309 0.4779638 0.5018044 0.4820536 0.4968373 0.5098070 0.5109859 0.4963299 0.5181576 0.5281958 0.5056800 0.5205104 0.4993384 0.5332327 0.5275579 0.5333102 0.5456418 0.5071848 0.5225044 0.5340194 0.5184447 0.5847767 8.9999985 7.8312763 
PSW               2.7147662 2.5845393 2.7780673 1.7763072 0.3113437 0.2232892 0.2639693 0.3257441 0.3071665 0.2947047 0.2501163 0.2496635 0.2227897 0.2187216 0.2074793 0.1731321 0.1586782 0.1870921 0.1993385 0.1662201 0.2269557 0.2262771 0.1754911 0.1883973 0.2307644 0.1712337 0.0000000 0.2646257 0.3935582 0.3865760 0.3721511 0.4274139 0.4033794 0.4111926 0.3979602 0.3960919 0.3684618 0.3933968 0.3966910 0.4090357 0.3990414 0.3990414 0.3968821 0.3802246 0.3963033 0.4018989 0.4172788 0.4053177 0.4312552 0.4016655 0.4342041 0.4044267 0.4344132 0.4145181 0.4442292 0.4459434 0.4080360 0.4247661 0.4003855 0.4531479 0.4485128 0.4613823 0.4542982 0.4539872 0.4462320 0.5201912 0.4379109 0.4721740 8.9999987 7.4005315 
OEU52425.1        3.0028328 2.8138668 3.0100743 2.0505277 0.4367191 0.3755250 0.3956230 0.2785163 0.2789187 0.2726258 0.2759028 0.2799164 0.2964680 0.2789460 0.2993409 0.3118884 0.3064564 0.3257777 0.3355934 0.2806732 0.3519813 0.3244916 0.3160307 0.2927055 0.3064726 0.3435509 0.2646257 0.0000000 0.4996775 0.5081961 0.5101217 0.4804526 0.4918951 0.4713594 0.4698547 0.4647811 0.4429669 0.4712138 0.4876576 0.4873867 0.4325661 0.4325661 0.4883679 0.4584349 0.4878625 0.4591418 0.4905530 0.4732170 0.4656101 0.4644320 0.5023875 0.4981164 0.5330495 0.5240080 0.5260945 0.5164421 0.4988443 0.4966774 0.4823898 0.5786739 0.5747146 0.5675298 0.5502419 0.5311108 0.4650481 0.5390266 0.4719810 0.6174292 8.9999989 8.1635569 
WP_090938118.1    2.8585845 2.4742243 2.7786195 2.0008531 0.4846944 0.4417926 0.4494880 0.4675423 0.4332374 0.4756592 0.4664940 0.4124191 0.4475775 0.4370906 0.3901011 0.4778258 0.4807606 0.4977951 0.5132859 0.4787421 0.5229494 0.5217761 0.5108212 0.4620150 0.4458959 0.4822659 0.3935582 0.4996775 0.0000000 0.0067525 0.0496584 0.0937130 0.0657267 0.0646963 0.0649583 0.0733850 0.0620067 0.0792169 0.0874912 0.0830017 0.0737106 0.0737106 0.0723530 0.0713656 0.0644228 0.0767744 0.0915473 0.0842160 0.0883257 0.0892150 0.1569892 0.1608240 0.1252422 0.1357632 0.1316110 0.1212833 0.1329236 0.1170465 0.1331327 0.3999804 0.4036697 0.4379558 0.4337865 0.3599980 0.3557902 0.3893118 0.3014047 0.3159353 8.9999986 6.7481459 
AAA22140.1        2.8125366 2.4344260 2.8299084 2.0422721 0.4773606 0.4347860 0.4423670 0.4603070 0.4262014 0.4683914 0.4592404 0.4055874 0.4404885 0.4301177 0.3834088 0.4704955 0.4733646 0.4903174 0.5056294 0.4713207 0.5152014 0.5140332 0.5031424 0.4548129 0.4387035 0.4749310 0.3865760 0.5081961 0.0067525 0.0000000 0.0497085 0.1057564 0.0772945 0.0684718 0.0730755 0.0850330 0.0701626 0.0830034 0.0913370 0.0869680 0.0780050 0.0780050 0.0802752 0.0791872 0.0723335 0.0851451 0.0957095 0.0886763 0.0928210 0.0975090 0.1703763 0.1650253 0.1379559 0.1482709 0.1442758 0.1294060 0.1457608 0.1297959 0.1456858 0.3908983 0.3945212 0.4283832 0.4280429 0.3534686 0.3607129 0.3942772 0.2955376 0.3090080 8.9999986 6.7386732 
WP_012698831.1    2.8547132 2.4112675 2.7251666 2.0175097 0.4813166 0.4288038 0.4267179 0.4562763 0.4192056 0.4606187 0.4528951 0.4034610 0.4278588 0.4409239 0.3877454 0.4647081 0.4685075 0.4707559 0.4944626 0.4661873 0.5070936 0.4930144 0.5003401 0.4374168 0.4293706 0.4852656 0.3721511 0.5101217 0.0496584 0.0497085 0.0000000 0.0977566 0.0651326 0.0768276 0.0760510 0.0804365 0.0767836 0.0878319 0.0887036 0.0916988 0.0719227 0.0719227 0.0745020 0.0770257 0.0737381 0.0790215 0.1083476 0.0822439 0.0865369 0.1142285 0.1598543 0.1676412 0.1270516 0.1286134 0.1346254 0.1243495 0.1183259 0.1192464 0.1375512 0.3820709 0.3943175 0.4244408 0.4379268 0.3654385 0.3268775 0.3710367 0.3104223 0.3095625 8.9999989 6.7957016 
WP_065835949.1    2.9391334 2.4827918 2.9553852 1.9811470 0.5128836 0.4739126 0.4605501 0.4361702 0.4194905 0.4501224 0.4752259 0.4207323 0.4644936 0.4712377 0.4268893 0.5061160 0.5223445 0.5050353 0.5627483 0.5296051 0.4930377 0.4818802 0.5065879 0.4538030 0.4723744 0.4963400 0.4274139 0.4804526 0.0937130 0.1057564 0.0977566 0.0000000 0.0797625 0.0921394 0.0959040 0.0735805 0.0847641 0.1085893 0.1143339 0.1091916 0.0827653 0.0827653 0.1052031 0.0970809 0.1260260 0.0890493 0.1371639 0.1066623 0.1068641 0.1450472 0.1691635 0.1739449 0.1701361 0.1598320 0.1622715 0.1630488 0.1433319 0.1344688 0.1494143 0.4407337 0.4487853 0.4459935 0.4624813 0.3758889 0.3732770 0.3710519 0.2946067 0.3500837 8.9999989 7.5936452 
WP_042921674.1    3.0224526 2.3129243 2.7585152 2.0006797 0.4882503 0.4436896 0.4344921 0.4563421 0.4158993 0.4707859 0.4815839 0.4523028 0.4517999 0.4611812 0.4172246 0.4776265 0.4919714 0.4698305 0.5141217 0.4892497 0.4986633 0.4868658 0.5072449 0.4563935 0.4367323 0.5069621 0.4033794 0.4918951 0.0657267 0.0772945 0.0651326 0.0797625 0.0000000 0.0726427 0.0757862 0.0852101 0.0833661 0.0882022 0.0920785 0.1006819 0.0535242 0.0535242 0.0940473 0.0814147 0.0923738 0.0774931 0.1063924 0.0882518 0.0751734 0.1054243 0.1715063 0.1834879 0.1609161 0.1491219 0.1450557 0.1363390 0.1175688 0.1097420 0.1436090 0.3944256 0.4054383 0.4101904 0.4564597 0.3754891 0.3642696 0.3656226 0.2985974 0.3054302 8.9999983 7.7410555 
WP_090444295.1    2.8788639 2.3569475 2.8034790 1.9862259 0.5033287 0.4384023 0.4700376 0.4251043 0.4081065 0.4371022 0.4744595 0.4084295 0.4676413 0.4586319 0.4219007 0.4850821 0.5003424 0.4818974 0.5365558 0.4955145 0.5022202 0.4970392 0.4942200 0.4294369 0.4326067 0.4798014 0.4111926 0.4713594 0.0646963 0.0684718 0.0768276 0.0921394 0.0726427 0.0000000 0.0236707 0.0570793 0.0760184 0.0798284 0.0947736 0.0957170 0.0828387 0.0828387 0.0850130 0.0724778 0.0927631 0.0730444 0.1267418 0.1014492 0.0933352 0.1204903 0.1750555 0.1780278 0.1529192 0.1694808 0.1627920 0.1494633 0.1515275 0.1439865 0.1537708 0.4103897 0.4140998 0.4278881 0.4810516 0.3989231 0.3596683 0.3888148 0.2959217 0.3425379 8.9999989 7.3942570 
WP_092432163.1    2.8713968 2.3566457 2.7654493 1.9659853 0.5067075 0.4346502 0.4747853 0.4256303 0.4087095 0.4276264 0.4646467 0.4019697 0.4571656 0.4536978 0.4141507 0.4798299 0.4950270 0.4766973 0.5309110 0.4860756 0.4990635 0.4939122 0.4824004 0.4314892 0.4408550 0.4816712 0.3979602 0.4698547 0.0649583 0.0730755 0.0760510 0.0959040 0.0757862 0.0236707 0.0000000 0.0613113 0.0496961 0.0797177 0.0917657 0.0911892 0.0830711 0.0830711 0.0809275 0.0759508 0.0845119 0.0758973 0.1268291 0.0970947 0.0973372 0.1125319 0.1695815 0.1668369 0.1522830 0.1640804 0.1576712 0.1408995 0.1351481 0.1308716 0.1588747 0.4176128 0.4213642 0.4438603 0.4805989 0.3993044 0.3501144 0.3863227 0.3046359 0.3529088 8.9999981 7.5920115 
OHC65406.1        2.9066552 2.4718501 2.8713242 2.0204065 0.4997617 0.4397022 0.4541565 0.4288028 0.4103528 0.4554514 0.4731440 0.4023787 0.4625443 0.4587272 0.4194485 0.4956391 0.5010005 0.5048458 0.5396718 0.4825481 0.5004840 0.4814409 0.4824032 0.4321899 0.4327453 0.4722681 0.3960919 0.4647811 0.0733850 0.0850330 0.0804365 0.0735805 0.0852101 0.0570793 0.0613113 0.0000000 0.0710304 0.0607672 0.0713166 0.0756888 0.0666840 0.0666840 0.0756440 0.0645358 0.0798272 0.0763507 0.1191800 0.0983281 0.0845564 0.1091253 0.1793706 0.1789768 0.1416493 0.1573677 0.1602214 0.1432675 0.1451068 0.1275496 0.1356468 0.4229640 0.4267237 0.4465444 0.4628142 0.3821142 0.3402468 0.3891612 0.3081355 0.3380755 8.9999989 7.2356073 
WP_090349186.1    2.9549025 2.4363242 2.8594003 1.9905268 0.5015968 0.4333642 0.4544122 0.4298142 0.4156826 0.4387989 0.4486818 0.4134384 0.4233597 0.4312966 0.4042572 0.4651067 0.4748120 0.4857761 0.5221638 0.4794399 0.4868818 0.4642671 0.4930531 0.4370188 0.4140775 0.4711993 0.3684618 0.4429669 0.0620067 0.0701626 0.0767836 0.0847641 0.0833661 0.0760184 0.0496961 0.0710304 0.0000000 0.0829982 0.0864471 0.0944358 0.0704128 0.0704128 0.0769991 0.0758754 0.0721251 0.0728065 0.1171311 0.0923526 0.0883545 0.1081041 0.1753110 0.1739841 0.1554899 0.1629459 0.1727541 0.1513700 0.1378071 0.1241924 0.1621591 0.4132212 0.4169563 0.4325730 0.4441371 0.3646717 0.3502216 0.3862023 0.2784933 0.3090637 8.9999986 7.7419219 
WP_028240788.1    2.9127182 2.4498761 2.9048489 2.0736462 0.4826380 0.4306019 0.4298074 0.4356392 0.3940774 0.4597488 0.4786531 0.4293497 0.4484949 0.4450648 0.4050416 0.4840364 0.4988997 0.4788442 0.5215497 0.4634206 0.5160942 0.4998015 0.4935898 0.4514277 0.4111013 0.4770446 0.3933968 0.4712138 0.0792169 0.0830034 0.0878319 0.1085893 0.0882022 0.0798284 0.0797177 0.0607672 0.0829982 0.0000000 0.0202102 0.0274914 0.0741173 0.0741173 0.0838917 0.0639209 0.0895410 0.0883006 0.1180622 0.0961715 0.0879869 0.1227240 0.1927623 0.1903931 0.1487561 0.1627104 0.1696141 0.1460564 0.1645717 0.1421026 0.1341982 0.4264492 0.4327980 0.4229655 0.4534326 0.3670175 0.3478430 0.3758015 0.3033021 0.3361211 8.9999988 7.7348472 
WP_003294714.1    2.9519060 2.4814738 2.8372408 2.0736462 0.4872289 0.4343253 0.4272042 0.4562347 0.4149587 0.4658374 0.4729135 0.4383951 0.4584617 0.4634482 0.4196731 0.5040020 0.5077866 0.4948276 0.5167699 0.4787752 0.5238965 0.5074573 0.4890035 0.4656191 0.4232754 0.4896255 0.3966910 0.4876576 0.0874912 0.0913370 0.0887036 0.1143339 0.0920785 0.0947736 0.0917657 0.0713166 0.0864471 0.0202102 0.0000000 0.0416866 0.0720370 0.0720370 0.0816011 0.0579212 0.0859880 0.0810065 0.1231505 0.0890669 0.0806481 0.1281834 0.1984404 0.1988283 0.1454764 0.1556630 0.1652870 0.1527213 0.1606275 0.1417706 0.1356938 0.4274045 0.4337746 0.4328084 0.4568696 0.3748284 0.3614176 0.3858984 0.3034446 0.3383088 8.9999983 7.7603167 
Q44044.1          3.0952010 2.4529134 2.8923070 2.1508125 0.4904304 0.4378791 0.4418050 0.4547292 0.4125785 0.4673342 0.4864917 0.4413511 0.4644869 0.4609995 0.4204094 0.5007478 0.5158443 0.4954122 0.5390421 0.4797986 0.5170068 0.5007063 0.5015224 0.4609338 0.4278036 0.4868236 0.4090357 0.4873867 0.0830017 0.0869680 0.0916988 0.1091916 0.1006819 0.0957170 0.0911892 0.0756888 0.0944358 0.0274914 0.0416866 0.0000000 0.0741512 0.0741512 0.0877347 0.0676247 0.0935657 0.0967946 0.1184049 0.0962215 0.0880308 0.1309393 0.1957232 0.1948585 0.1624315 0.1631049 0.1660961 0.1518382 0.1693889 0.1344976 0.1483687 0.4293361 0.4356799 0.4258673 0.4629006 0.3780918 0.3430078 0.3795236 0.2954531 0.3463478 8.9999988 7.5652635 
ION               2.5524524 2.5449154 2.9219452 2.0592797 0.4634529 0.4553614 0.4148422 0.4162678 0.3699112 0.4183189 0.4351811 0.4019403 0.4364223 0.4105345 0.3933989 0.4591141 0.4586769 0.4723362 0.5020641 0.4452862 0.4934265 0.4823405 0.4678061 0.4319947 0.4453822 0.4846361 0.3990414 0.4325661 0.0737106 0.0780050 0.0719227 0.0827653 0.0535242 0.0828387 0.0830711 0.0666840 0.0704128 0.0741173 0.0720370 0.0741512 0.0000000 0.0000010 0.0704599 0.0632852 0.0743362 0.0542898 0.0983060 0.0627395 0.0465369 0.0743839 0.1326038 0.1253967 0.1023831 0.1143533 0.1100988 0.0978323 0.1113800 0.0868672 0.1001894 0.3233957 0.3314267 0.3262317 0.3357977 0.3357772 0.3140186 0.3253734 0.2949292 0.2881264 8.9999984 7.4361924 
PON               2.5524524 2.5449154 2.9219452 2.0592797 0.4634529 0.4553614 0.4148422 0.4162678 0.3699112 0.4183189 0.4351811 0.4019403 0.4364223 0.4105345 0.3933989 0.4591141 0.4586769 0.4723362 0.5020641 0.4452862 0.4934265 0.4823405 0.4678061 0.4319947 0.4453822 0.4846361 0.3990414 0.4325661 0.0737106 0.0780050 0.0719227 0.0827653 0.0535242 0.0828387 0.0830711 0.0666840 0.0704128 0.0741173 0.0720370 0.0741512 0.0000010 0.0000000 0.0704599 0.0632852 0.0743362 0.0542898 0.0983060 0.0627395 0.0465369 0.0743839 0.1326038 0.1253967 0.1023831 0.1143533 0.1100988 0.0978323 0.1113800 0.0868672 0.1001894 0.3233957 0.3314267 0.3262317 0.3357977 0.3357772 0.3140186 0.3253734 0.2949292 0.2881264 8.9999984 7.4361924 
WP_132286895.1    2.9174415 2.5029976 2.7873234 2.0323970 0.4942975 0.4444988 0.4069098 0.4469604 0.4183235 0.4446810 0.4500944 0.3970635 0.4687289 0.4529031 0.4251260 0.4991116 0.5117248 0.5291096 0.5479333 0.4852931 0.5223753 0.5040917 0.4956861 0.4562509 0.4342844 0.5471622 0.3968821 0.4883679 0.0723530 0.0802752 0.0745020 0.1052031 0.0940473 0.0850130 0.0809275 0.0756440 0.0769991 0.0838917 0.0816011 0.0877347 0.0704599 0.0704599 0.0000000 0.0313545 0.0415103 0.0424013 0.0955061 0.0693963 0.0573309 0.0867815 0.1410205 0.1489359 0.1130320 0.1247139 0.1352240 0.1264019 0.1311751 0.1171635 0.1130718 0.3928078 0.4020194 0.4215266 0.4458750 0.3779958 0.3575588 0.3459298 0.2981686 0.3428409 8.9999985 7.4200531 
WP_104002709.1    2.9164247 2.4786760 2.7797168 2.0455209 0.4873469 0.4475473 0.4102600 0.4542070 0.4172143 0.4676450 0.4732775 0.4087453 0.4596491 0.4574466 0.4208995 0.4936837 0.5030239 0.5276702 0.5285092 0.4741809 0.5066650 0.5037501 0.4868446 0.4670680 0.4334150 0.4933817 0.3802246 0.4584349 0.0713656 0.0791872 0.0770257 0.0970809 0.0814147 0.0724778 0.0759508 0.0645358 0.0758754 0.0639209 0.0579212 0.0676247 0.0632852 0.0632852 0.0313545 0.0000000 0.0456873 0.0393286 0.0927407 0.0667237 0.0631733 0.0945335 0.1521662 0.1602996 0.1094752 0.1295745 0.1328923 0.1227994 0.1396429 0.1207805 0.1015790 0.4040412 0.4121657 0.4212926 0.4468183 0.3766563 0.3495501 0.3597071 0.3005833 0.3187424 8.9999989 7.4643961 
WP_027854782.1    2.9588096 2.4749704 2.7080079 1.9868430 0.4700619 0.4447787 0.4145422 0.4499864 0.4242043 0.4590643 0.4489147 0.4227892 0.4575168 0.4468372 0.4097719 0.4674208 0.4765422 0.5063467 0.5127476 0.4593743 0.5243859 0.5040136 0.5067748 0.4449198 0.4254921 0.4890833 0.3963033 0.4878625 0.0644228 0.0723335 0.0737381 0.1260260 0.0923738 0.0927631 0.0845119 0.0798272 0.0721251 0.0895410 0.0859880 0.0935657 0.0743362 0.0743362 0.0415103 0.0456873 0.0000000 0.0572267 0.0878489 0.0573714 0.0648040 0.0943863 0.1525479 0.1533545 0.1326589 0.1230532 0.1309700 0.1214816 0.1185305 0.1130802 0.1115761 0.4067148 0.4148171 0.4344233 0.4587578 0.3834639 0.3525672 0.3632882 0.3090200 0.3256503 8.9999981 7.1332039 
WP_036190066.1    2.9298335 2.4440321 2.7527722 2.0027818 0.4723566 0.4564552 0.4253136 0.4107147 0.3864170 0.4296473 0.4429283 0.3951693 0.4490808 0.4537256 0.4102917 0.4803968 0.4929954 0.4958027 0.5284846 0.4920645 0.5048451 0.4818389 0.4831230 0.4546431 0.4298542 0.4991351 0.4018989 0.4591418 0.0767744 0.0851451 0.0790215 0.0890493 0.0774931 0.0730444 0.0758973 0.0763507 0.0728065 0.0883006 0.0810065 0.0967946 0.0542898 0.0542898 0.0424013 0.0393286 0.0572267 0.0000000 0.0976483 0.0700805 0.0656733 0.0962683 0.1439214 0.1546494 0.1216908 0.1382859 0.1352156 0.1317461 0.1442227 0.1213863 0.1142054 0.3870889 0.3988801 0.4090661 0.4461843 0.3756970 0.3464569 0.3662653 0.2906584 0.3248521 8.9999989 7.7107854 
ODB95012.1        3.0268588 2.4972633 2.7304283 2.0719721 0.5324924 0.4949324 0.4592625 0.4489474 0.4166954 0.4573551 0.4539350 0.4245576 0.4617044 0.4582207 0.4080620 0.4875814 0.4995621 0.5112713 0.5549714 0.4800175 0.5180667 0.5129415 0.5205474 0.4660634 0.4681784 0.4964309 0.4172788 0.4905530 0.0915473 0.0957095 0.1083476 0.1371639 0.1063924 0.1267418 0.1268291 0.1191800 0.1171311 0.1180622 0.1231505 0.1184049 0.0983060 0.0983060 0.0955061 0.0927407 0.0878489 0.0976483 0.0000000 0.0497103 0.0825992 0.1301679 0.1466876 0.1588789 0.1433082 0.1514229 0.1386942 0.1150398 0.1350199 0.1391046 0.1197783 0.4102805 0.4214239 0.4293826 0.4470982 0.3849271 0.3754069 0.4175481 0.3177461 0.3580100 8.9999984 7.2896946 
ANW               2.5855518 2.5035729 2.7062998 2.0364147 0.4843448 0.4867414 0.4384131 0.4180684 0.3702446 0.4238240 0.4288903 0.4091189 0.4786631 0.4536592 0.4205772 0.4750930 0.4727578 0.4887670 0.5262545 0.4678647 0.5056371 0.5024549 0.4928852 0.4515521 0.4490412 0.4779638 0.4053177 0.4732170 0.0842160 0.0886763 0.0822439 0.1066623 0.0882518 0.1014492 0.0970947 0.0983281 0.0923526 0.0961715 0.0890669 0.0962215 0.0627395 0.0627395 0.0693963 0.0667237 0.0573714 0.0700805 0.0497103 0.0000000 0.0530774 0.1015599 0.1257725 0.1113031 0.1004581 0.1118197 0.1033930 0.0912657 0.1041154 0.1134732 0.1043341 0.3495883 0.3551427 0.3548052 0.3775070 0.3850893 0.3235789 0.3357056 0.2888240 0.3265214 8.9999988 7.1011438 
PSE               2.5411573 2.4830337 2.7714475 2.0564305 0.4893404 0.4852565 0.4221726 0.4390367 0.3904449 0.4609863 0.4551426 0.4418027 0.4717135 0.4503827 0.4262761 0.4818851 0.4877307 0.5025797 0.5345447 0.4745189 0.5183153 0.5068295 0.4914395 0.4416633 0.4402791 0.5018044 0.4312552 0.4656101 0.0883257 0.0928210 0.0865369 0.1068641 0.0751734 0.0933352 0.0973372 0.0845564 0.0883545 0.0879869 0.0806481 0.0880308 0.0465369 0.0465369 0.0573309 0.0631733 0.0648040 0.0656733 0.0825992 0.0530774 0.0000000 0.0967652 0.1272228 0.1314525 0.1015567 0.1138295 0.1197991 0.1041205 0.1140871 0.1053890 0.0934918 0.3402527 0.3457659 0.3421964 0.3856593 0.3934456 0.3105054 0.3211600 0.2922790 0.3312004 8.9999988 7.0781776 
OIO53742.1        2.8891093 2.4772144 2.8259620 2.0916642 0.5383752 0.4505471 0.4054501 0.4711456 0.4443261 0.4791945 0.4691028 0.4269393 0.4296188 0.4402098 0.4007074 0.4663010 0.4758180 0.5028709 0.4884688 0.4621556 0.4947564 0.4745430 0.4919190 0.4562450 0.4422443 0.4820536 0.4016655 0.4644320 0.0892150 0.0975090 0.1142285 0.1450472 0.1054243 0.1204903 0.1125319 0.1091253 0.1081041 0.1227240 0.1281834 0.1309393 0.0743839 0.0743839 0.0867815 0.0945335 0.0943863 0.0962683 0.1301679 0.1015599 0.0967652 0.0000000 0.1552626 0.1684999 0.1251297 0.1400003 0.1284627 0.1446930 0.1156839 0.1183156 0.1455429 0.4262272 0.4398378 0.4557785 0.4179983 0.3418400 0.3602026 0.3793612 0.3292927 0.3288325 8.9999986 8.0062737 
WP_016403298.1    3.0233960 2.5484956 2.8449475 1.9818635 0.4965874 0.4898476 0.4847573 0.4416559 0.4139900 0.4646184 0.4586670 0.4279750 0.4916902 0.4951054 0.4579316 0.4846315 0.4979453 0.5066629 0.5381340 0.4969529 0.5130196 0.5078744 0.5289961 0.4569148 0.4987965 0.4968373 0.4342041 0.5023875 0.1569892 0.1703763 0.1598543 0.1691635 0.1715063 0.1750555 0.1695815 0.1793706 0.1753110 0.1927623 0.1984404 0.1957232 0.1326038 0.1326038 0.1410205 0.1521662 0.1525479 0.1439214 0.1466876 0.1257725 0.1272228 0.1552626 0.0000000 0.0603852 0.0797235 0.1068810 0.1307690 0.1181912 0.1042265 0.1074435 0.1136333 0.4151421 0.4334489 0.4442517 0.4335764 0.3620904 0.3723496 0.3826527 0.3313303 0.3651426 8.9999986 7.7373966 
WP_026958341.1    2.8276416 2.5065969 2.8137041 1.9768381 0.4755551 0.4781974 0.4951659 0.4349737 0.4051585 0.4376197 0.4703365 0.4220122 0.4890154 0.4767146 0.4472010 0.4782025 0.4841987 0.4890048 0.5334236 0.4892842 0.5142542 0.5112812 0.4901525 0.4784915 0.5174028 0.5098070 0.4044267 0.4981164 0.1608240 0.1650253 0.1676412 0.1739449 0.1834879 0.1780278 0.1668369 0.1789768 0.1739841 0.1903931 0.1988283 0.1948585 0.1253967 0.1253967 0.1489359 0.1602996 0.1533545 0.1546494 0.1588789 0.1113031 0.1314525 0.1684999 0.0603852 0.0000000 0.1082215 0.1234791 0.1277622 0.1157410 0.1146146 0.1438475 0.1291136 0.4488642 0.4680253 0.4738665 0.4486573 0.3712486 0.3692425 0.3871094 0.3125894 0.3583811 8.9999986 7.1563606 
WP_073601923.1    3.1215049 2.6252103 2.8570499 2.0256115 0.5246778 0.4918092 0.4525796 0.4927523 0.4468733 0.5207201 0.4880720 0.4506784 0.4910848 0.4882980 0.4575566 0.5393382 0.5476104 0.5410795 0.5526839 0.5357625 0.5216049 0.5290981 0.5274228 0.4858865 0.4865958 0.5109859 0.4344132 0.5330495 0.1252422 0.1379559 0.1270516 0.1701361 0.1609161 0.1529192 0.1522830 0.1416493 0.1554899 0.1487561 0.1454764 0.1624315 0.1023831 0.1023831 0.1130320 0.1094752 0.1326589 0.1216908 0.1433082 0.1004581 0.1015567 0.1251297 0.0797235 0.1082215 0.0000000 0.0638080 0.0969267 0.0816967 0.0868111 0.0870825 0.0875649 0.4453907 0.4647030 0.4828809 0.4515878 0.3741967 0.3975059 0.4221768 0.3634819 0.3721709 8.9999984 6.9483486 
WP_068716984.1    3.0342431 2.5419946 2.7666233 2.0179097 0.5085615 0.4530500 0.4740865 0.5179548 0.4768791 0.5323876 0.5019863 0.5057395 0.4951183 0.4895787 0.4508919 0.4983601 0.4926493 0.4862910 0.5164624 0.5006011 0.4940941 0.5013433 0.5056872 0.5040841 0.4725744 0.4963299 0.4145181 0.5240080 0.1357632 0.1482709 0.1286134 0.1598320 0.1491219 0.1694808 0.1640804 0.1573677 0.1629459 0.1627104 0.1556630 0.1631049 0.1143533 0.1143533 0.1247139 0.1295745 0.1230532 0.1382859 0.1514229 0.1118197 0.1138295 0.1400003 0.1068810 0.1234791 0.0638080 0.0000000 0.0972262 0.0909552 0.0837988 0.0767555 0.0799875 0.4493301 0.4700712 0.4867109 0.4652933 0.3875643 0.3859024 0.4151062 0.3595921 0.4004393 8.9999988 7.1045731 
WP_103878867.1    2.9653036 2.5534457 2.8834798 1.9996772 0.4999393 0.4994799 0.4806712 0.4789233 0.4563013 0.4930798 0.4763911 0.4470812 0.4822262 0.4991928 0.4528962 0.5218835 0.5246437 0.5355909 0.5403551 0.5204506 0.5415119 0.5319355 0.4917465 0.4869953 0.5211010 0.5181576 0.4442292 0.5260945 0.1316110 0.1442758 0.1346254 0.1622715 0.1450557 0.1627920 0.1576712 0.1602214 0.1727541 0.1696141 0.1652870 0.1660961 0.1100988 0.1100988 0.1352240 0.1328923 0.1309700 0.1352156 0.1386942 0.1033930 0.1197991 0.1284627 0.1307690 0.1277622 0.0969267 0.0972262 0.0000000 0.0577661 0.0845094 0.0842911 0.1129708 0.4568855 0.4725131 0.4961529 0.4634292 0.3919855 0.4012755 0.4300025 0.3599611 0.3849650 8.9999988 6.9815452 
